mfcc_1_mean,mfcc_1_std,mfcc_2_mean,mfcc_2_std,mfcc_3_mean,mfcc_3_std,mfcc_4_mean,mfcc_4_std,mfcc_5_mean,mfcc_5_std,mfcc_6_mean,mfcc_6_std,mfcc_7_mean,mfcc_7_std,mfcc_8_mean,mfcc_8_std,mfcc_9_mean,mfcc_9_std,mfcc_10_mean,mfcc_10_std,mfcc_11_mean,mfcc_11_std,mfcc_12_mean,mfcc_12_std,mfcc_13_mean,mfcc_13_std,spectral_centroid_mean,spectral_centroid_std,spectral_bandwidth_mean,spectral_bandwidth_std,spectral_flatness_mean,spectral_flatness_std,spectral_rolloff_mean,rms_energy_mean,rms_energy_std,zcr_mean,zcr_std
-377.42645,8.073179,181.54941,8.25919,-45.07349,4.8003273,61.59125,3.470596,-24.434078,4.309102,34.2406,6.1351886,-12.811359,6.091052,14.702358,4.848629,-4.314042,3.9155283,3.6797602,3.2003217,2.4653218,2.8289464,-5.475995,2.9753032,3.994092,3.2067611,1188.0837782601018,197.06119487255688,1481.6047656597398,174.66640110095295,0.0002683016,0.0013097591,2596.2997684345996,0.009461761,0.0007933067,0.051049748042343385,0.008040452254604523
-384.83105,6.4783344,162.57146,5.490964,-31.38008,3.3305452,47.44731,3.6920998,-40.087948,3.7298956,41.375027,4.912814,-24.484869,4.5618973,26.856846,3.6069548,-6.3607497,3.167523,7.949078,3.0952766,-6.610162,3.2681282,-7.4922876,3.2918289,7.1334596,2.98611,1503.0324622704063,175.77467251901862,1833.1629271062764,110.42761390599337,0.000300171,0.00037935947,3344.241340088457,0.00839407,0.00089303614,0.07150544699825986,0.008318534094431947
-388.3539,5.982836,154.64867,5.953061,-24.44304,3.455568,54.015476,3.7954593,-38.345432,3.549697,38.2288,4.573605,-22.783808,5.00695,21.319847,3.4765139,-6.4244967,3.174853,16.349924,3.1989403,2.8587134,3.2532256,-3.643498,3.513165,-0.2691633,3.3095782,1508.1333972750563,202.25448389306587,1884.0253142145757,114.22160154566245,0.0002598942,0.00037641733,3612.332217046114,0.009134652,0.0010729581,0.06059672273781903,0.008235835348999075
-384.5772,7.098329,164.61763,6.4265084,-39.759846,3.2406662,43.585575,3.9110243,-41.27513,4.3158736,38.452953,5.315548,-25.905361,5.4254794,23.759287,3.640721,-12.480627,3.387713,4.2866063,3.5638778,3.1625721,3.3016493,7.9062943,3.5550613,15.128162,3.1753554,1531.2293499333118,196.97186781175654,1763.2658853902785,131.55525759646616,0.00034053248,0.00074568816,3162.8578274543215,0.007895427,0.00079156493,0.08067063333816706,0.007901645175312865
-392.77417,7.0454407,166.71509,6.1284366,-33.20748,4.0004687,44.418903,4.133816,-42.02348,4.146194,38.971474,5.3236384,-26.68294,5.0777736,26.143152,3.3013358,-9.515442,3.2273731,5.622662,3.2390864,-2.2898345,3.3103347,2.4838462,3.1151512,16.222187,2.9917307,1447.7146865834584,188.29892300056267,1764.998197558199,133.02317121503583,0.00023813998,0.00059534697,2997.8115710194315,0.0091046635,0.00073172856,0.06790508084396751,0.007286695735838293
-389.51562,9.075603,190.83026,10.71601,-46.151154,5.593115,59.315536,3.7460709,-21.081732,4.874697,31.519073,6.821702,-11.088448,7.5494113,11.938957,6.045215,-3.9876258,4.037713,3.6582093,3.5504792,3.6882737,2.9817474,-5.395713,3.004254,3.8459535,3.6471171,1088.5352744750105,249.22104222925904,1369.7190750308243,217.33422816837148,0.00024356319,0.001674773,2293.5609184672276,0.009398965,0.0008358008,0.04591882975638051,0.008408647454048
-387.12463,7.1046467,166.35466,5.3897195,-38.742188,3.4756448,46.71851,3.5936227,-41.564384,4.0612335,42.402542,5.0112624,-26.183651,4.7297544,27.429132,3.509532,-7.7607,3.0470734,6.2952566,3.1156175,-4.216969,3.3670287,-0.2857307,3.654204,16.173952,3.0448132,1496.7907251340755,176.9657468738882,1785.5399553594807,114.73334645507478,0.00029317595,0.0003933313,3183.9663618401974,0.008309355,0.00097501505,0.07479313188805105,0.008477812158224513
-371.0986,5.8603096,154.78055,5.5421596,-34.067223,3.6905925,53.438423,3.9972572,-39.63199,3.823697,35.8508,4.685478,-29.040667,4.896397,28.398905,3.6239126,-0.89570254,3.4760675,8.875713,3.7163703,0.4359656,3.3099349,-0.42626846,3.9426951,-5.1445847,3.6276152,1638.0890425310845,178.9609960581681,1903.2363924382005,103.1897277636467,0.0003777096,0.0008143335,3860.788409947796,0.009025719,0.0012224128,0.07635087369489559,0.009014639003456577
-403.13733,29.899311,157.04228,12.577577,-18.604254,6.43741,34.97429,5.966924,-10.844797,7.6548448,29.337423,8.602365,3.5422459,9.78518,10.882935,5.827769,-3.0917895,4.458011,-0.42595994,3.6325865,2.4877107,3.4623446,1.8071998,4.973679,5.699155,4.6586666,1212.328857843655,339.58453808284315,1543.3919187206816,263.05105702269555,0.00023661496,0.00024666497,2561.277087713892,0.007667848,0.0048137014,0.05158674412703016,0.01374592206741809
-411.2519,13.7040825,179.1399,10.209004,-24.30393,5.199628,61.850193,4.7984533,-20.164682,5.7394915,38.987076,6.765666,-15.580555,7.0927124,18.39628,5.031593,-5.3513474,3.7582104,5.8979993,3.468931,1.2143719,3.0306544,-7.952854,3.7245255,4.58876,3.275513,1048.4846597736166,281.1067737911073,1510.6919971626903,224.90597250747814,0.00014214899,0.00022494962,2227.7372639029873,0.009353942,0.0008464316,0.03861273745649652,0.01277032692680884
-346.05872,23.990553,164.42601,8.135581,-83.50256,12.470367,55.448704,4.4000783,-55.9459,5.170521,38.91407,6.3566904,-38.445236,7.374364,23.067928,4.258468,-11.685196,3.3472705,2.5752,3.6078587,-2.4748309,3.5208213,-7.5983105,3.5055234,3.9699152,3.4869995,1883.0691449393896,181.08024736312103,1718.2364788744426,140.98070333851365,0.0008851209,0.0028625715,3789.868730514066,0.00776371,0.0016542762,0.12148686738689095,0.015191995381456545
-401.05756,8.57057,182.51978,7.4575324,-36.442123,4.3653917,51.59497,3.5710542,-23.390244,4.467624,42.35838,6.253986,-2.3459108,6.8252897,18.885923,4.765253,-7.7034807,3.3837676,2.3933651,3.328622,1.784741,3.1487415,2.1739557,3.607952,8.938806,3.5751243,1074.5786926038877,200.89428261173916,1442.1410322434267,173.92498449881634,0.0001426391,0.00015084671,2177.2016839472158,0.009206426,0.0010460791,0.044362220852668215,0.00844509780791239
-388.2294,30.805616,188.03076,14.769236,-36.790405,11.90284,45.836075,6.431857,-14.480968,9.367801,18.388023,10.407334,-11.312327,10.3519945,5.4153447,8.160383,-3.64419,5.955972,3.0193048,5.0476146,1.6811883,3.6199927,-3.861318,4.990043,5.091159,4.470424,1105.8890492677617,318.65236310402196,1320.5546642628997,298.2176973612615,0.00015893503,0.00018268367,2258.7131013449825,0.008897877,0.0022657549,0.054954865139211134,0.017705442414627754
-395.3731,9.160328,198.12787,9.95624,-47.676777,5.019963,60.20617,3.3216655,-21.313877,4.836158,31.084932,7.210412,-11.143453,7.31558,10.6039715,5.3074603,-6.201806,4.3564005,1.3617328,3.872854,1.6431242,2.801229,-6.4010544,2.9256046,1.6714618,3.028892,1033.5794737151032,212.83515371330654,1307.6954974545927,200.97462686688894,0.00014472699,0.00034156468,2138.0821989196634,0.0094104735,0.0005327864,0.04455028277262181,0.007268927741223784
-386.3527,7.6435122,160.86195,6.3192925,-24.628595,3.7086926,47.283638,3.7893088,-39.547295,4.411354,39.30086,5.3198886,-28.223581,5.3966355,21.982567,3.7154038,-6.703474,3.467654,14.723327,3.201982,3.8041973,3.2484295,-4.1493344,3.8410747,2.1829774,3.5055907,1479.2550002824123,214.33439010765602,1855.4687364538072,143.88153263939225,0.00024545743,0.0002693155,3350.2616439783933,0.009178259,0.0010598393,0.06569138812354988,0.008582369422895739
-387.77658,8.768433,188.65353,8.586204,-45.710293,5.3926697,60.766838,3.7474585,-23.2052,4.810766,34.432716,6.4568305,-11.635231,6.8281903,11.9349985,4.70199,-6.953655,3.7480388,2.680653,3.292946,3.7963111,2.8852735,-3.473298,2.9278765,4.9917393,3.2872965,1110.2541058560805,199.6163200045081,1405.5929239834577,185.4887609096752,0.00017383245,0.0003173527,2358.3853524688225,0.009392734,0.0008045945,0.046318744562064966,0.007968821949151718
-457.84457,18.59965,182.3985,15.316356,-4.1267037,4.3900485,44.713238,4.7694583,-10.446207,7.7712545,30.701786,11.182309,-4.352273,10.8884735,11.525549,6.4131618,-2.0767503,3.5531669,9.879738,3.1490989,7.458649,2.8532994,-0.71378857,4.354527,8.148278,3.8270702,828.3106678359428,398.741070322363,1317.6873176409806,354.77869747780653,7.2632014e-05,0.00018475561,1607.6709437536254,0.00940944,0.0018415473,0.022200369779582365,0.012010827642141316
-393.1755,7.6347547,161.7898,6.25213,-30.23627,3.3802955,39.589092,3.752022,-34.431133,4.8870845,35.19805,4.9426003,-22.21956,4.938172,25.710928,3.98248,-4.8689933,3.3997648,8.36116,3.1738808,-4.74682,3.4411006,-6.276205,3.342594,8.238964,3.1220663,1438.7148575821332,200.1998447052686,1743.6095568191702,128.54155573498645,0.00025092086,0.00028016372,2912.178368800754,0.008317812,0.0012617043,0.07321386492169374,0.009769293497690679
-376.4515,9.288879,182.32394,8.916423,-47.529465,5.0593386,63.120693,3.0165708,-26.026896,5.1419044,36.74804,6.9085326,-15.273665,7.3026347,15.238349,5.729104,-6.8133397,4.3917766,3.5045538,3.4131532,2.612238,2.9471424,-5.655942,3.3382738,3.867521,3.4449239,1225.6994088310155,231.94479960271357,1505.2941270611236,209.05050223967322,0.00020866423,0.00017953392,2680.833828034368,0.009419156,0.00066245365,0.0522528911687935,0.008749065496990975
-391.62296,8.636102,193.66977,8.8442135,-46.576775,5.0011096,60.052933,3.6192644,-20.366037,4.844795,31.40028,6.849075,-11.50372,6.6291947,11.060685,5.3093424,-4.726197,3.506312,3.0153797,3.5351868,3.3170376,3.1062715,-5.4156127,3.029885,3.4244926,3.1016881,1054.7585809227687,190.91113623583382,1340.3353046203188,180.74694088575788,0.00015870761,0.00047238762,2210.275884570766,0.009482861,0.0008629713,0.04543961173143851,0.008458078308006975
-379.83743,20.646389,184.32388,13.542731,-39.99591,8.992367,51.325165,4.787961,-21.982607,6.9235682,27.956741,9.404482,-13.6563425,9.62713,11.375778,7.399065,-2.410339,5.1896877,1.2999477,4.7312937,2.9972346,3.542094,-3.47642,3.9479952,4.2394648,4.687768,1167.6216540645935,296.7383790138364,1418.3285968116606,272.2297771087636,0.00023323591,0.00087888667,2434.5259593423725,0.009307025,0.0019134983,0.05541142510150812,0.012650912627411989
-396.7862,70.43117,166.06934,36.950523,-62.259712,27.1339,60.76469,21.543644,-27.72788,16.610287,29.035429,11.975871,-17.853287,13.135994,18.509176,13.239551,-4.883124,4.68928,5.102264,4.1688943,-1.142063,5.7591567,-6.0319853,4.2764006,8.981032,6.558294,1651.2749983988544,773.5755309009628,1486.2858612563525,337.2762457230431,0.0006114594,0.0012001755,3069.0060361078886,0.0066043483,0.002376449,0.10946110063805105,0.0717843858949774
-376.9705,8.7743225,165.53644,8.178701,-40.75863,4.63409,59.4379,4.059026,-27.604181,4.936581,47.163643,6.5861745,-13.457471,6.2648563,24.263227,4.4192276,-10.458525,3.840137,5.9401293,3.4809177,1.5068812,3.3040144,-1.1820824,3.3380318,8.596481,3.8043468,1389.6817837279075,253.09196717383367,1734.2454295037269,190.1288069388523,0.0003229425,0.00091452076,3143.048279799884,0.009040881,0.0008707834,0.05460366516821346,0.012073210960174975
-392.0468,9.758078,198.89447,9.650905,-45.965855,5.4422216,58.496292,3.3286057,-23.402525,5.1006308,29.769976,7.3937826,-11.894337,7.2940273,11.5342865,5.710567,-5.157815,4.374425,1.7892808,3.3863237,1.7798133,2.9239695,-5.6424046,3.0481153,4.6949887,3.6560585,1027.8953668763158,211.74432352095408,1305.7009714467147,207.75985608545056,0.00014405149,0.0003417117,2107.7558548433876,0.009573264,0.0006927671,0.04618166328306265,0.007527436391711679
-388.10632,7.6612253,162.84227,6.8325305,-29.288258,3.4145236,44.685886,3.5164013,-41.768883,4.7362556,38.592617,5.598706,-24.995071,5.539757,23.834684,4.133521,-5.845353,3.4063985,10.673817,3.006081,-3.818211,3.159063,-8.277752,3.492022,4.2572994,3.2608323,1502.6995800787133,237.90904706567153,1816.6671540593477,159.67310832480553,0.00033574493,0.0008956526,3306.8704910455335,0.008175772,0.0011469707,0.07326937717517401,0.00927578330029293
-398.27957,8.702115,180.00426,7.6517863,-36.245193,3.8836377,52.220936,3.4747446,-23.189793,4.1661777,41.564526,6.1340504,-3.8787878,6.281713,18.057037,4.685899,-7.9155793,3.5781198,2.0971348,3.2225227,1.4563569,3.1505468,1.6878682,3.6325073,9.305531,3.2776747,1103.8481896084284,207.92434783140425,1470.3737747946539,174.63149621516447,0.00015806858,0.00017401583,2280.371207040313,0.009087834,0.0011137062,0.04466810469837587,0.009533266028379792
-415.52115,13.017067,181.28629,11.108291,-20.744116,4.7862897,56.762707,4.0703187,-21.315536,6.369724,37.55724,8.558203,-9.183169,9.15441,13.686686,5.429565,-7.098673,3.8370528,14.336783,2.8790338,6.8160405,2.9578757,-3.5253475,3.8188162,4.514105,3.8027365,1010.6246470561128,311.9430471789053,1474.1125312934969,284.72378427168474,0.00013442506,0.00035875913,2096.8643507105567,0.009349761,0.00094774744,0.039564376087587005,0.021081397554106426
-383.09494,8.557649,158.96432,5.7226925,-30.607395,4.4144044,45.600685,3.579568,-36.868073,3.918203,35.776485,5.011878,-25.896706,4.589485,19.77768,3.6225514,-6.1323767,3.164378,11.13043,3.2795255,-0.99424946,3.3580458,-7.8630495,3.5272694,0.7476646,3.2868528,1496.1623502237371,197.76332024214958,1790.928103516022,128.08282272255204,0.00028770702,0.00037934168,3260.931325677929,0.008685136,0.0013643645,0.07163912956786543,0.007937516319660125
-380.55264,9.154459,185.24347,9.922229,-47.48618,5.813365,61.800148,3.2721715,-24.098793,5.2199645,34.997303,7.6260867,-13.732927,7.666213,13.953973,6.2296057,-6.1369724,4.3073907,3.5312836,3.5387678,2.6510653,2.9722018,-5.6960697,3.041623,4.1165514,3.157692,1181.9701700631026,237.98983099487836,1459.84961647296,223.3005969120946,0.00021086069,0.00050598127,2556.530790041328,0.009464253,0.00069060933,0.05005619199535963,0.007878834923544988
-388.51144,9.367976,194.68602,9.684293,-47.95291,4.535966,58.27387,2.9840589,-22.034424,4.8638783,31.127378,7.364078,-10.82523,7.08116,11.21286,5.7075257,-5.910503,4.2636333,2.236701,3.4401226,3.8021765,2.886066,-4.5630755,3.0763795,4.4247317,3.3887465,1070.47816573438,219.12111050505888,1336.5645080962113,200.96083477869044,0.00015472516,0.00023822961,2221.5670769286544,0.009413265,0.00078989833,0.0480554850638051,0.00792305474481046
-390.64334,10.66772,192.00865,11.609675,-44.41878,6.274111,58.149384,3.9524882,-21.572046,5.8197427,31.757437,8.259388,-11.79743,9.133198,12.098669,6.8424854,-4.5520015,4.879934,3.1162488,3.5596755,3.1367943,3.0111377,-5.3251624,3.512932,4.0089054,3.4217691,1080.7277390978684,258.09703304157665,1373.2521143601823,255.43428640762878,0.00021121184,0.0011821148,2279.5968111042635,0.009420334,0.000739246,0.04528666980858469,0.008553582055078154
-383.87848,7.529096,157.40315,4.834091,-24.062561,4.864265,58.03897,3.982286,-36.958042,4.486318,48.127686,4.3060255,-24.209215,4.9498353,26.469488,3.5899615,-11.956471,3.5064452,8.319899,3.5695004,-3.413808,3.3406312,-2.0714283,4.0206637,4.0182385,3.3871458,1542.0887732534256,175.22846593876153,1989.2516341690323,92.81843438357306,0.00031849538,0.00044752864,3874.003101888776,0.008861305,0.0010716023,0.059753842807424594,0.01144447215489519
-368.43417,12.313279,141.06184,7.5416274,-40.51208,6.7368393,71.39495,8.487776,-43.194668,4.184892,33.615997,5.3842697,-24.136686,5.757213,31.367582,4.257646,-13.225178,4.7668324,9.496574,4.506745,11.869997,4.3728924,-0.80205595,3.5041072,3.213732,3.4405415,1900.2104591463383,235.82110763113403,1997.8970348271962,108.79164975169566,0.00051523047,0.00095642003,4330.272191306554,0.008737898,0.0011327725,0.08547300971577726,0.01465413823173132
-404.09103,9.108139,181.79263,7.7393928,-33.096542,3.8459606,50.564053,3.2727332,-21.10958,4.286449,40.43847,6.2412615,-2.2124398,6.8610187,17.740194,4.6137557,-6.9272256,3.6993694,2.0212018,3.4043317,1.2755954,3.2634888,0.51815796,3.598887,7.249338,3.3712013,1048.8053642047694,213.51338241567453,1432.8222533581354,181.91982320162685,0.00013769903,0.00017690868,2127.34057787123,0.009187776,0.0009998593,0.040052657337587005,0.008522036230951947
-366.94373,5.9817495,132.96906,4.6317997,-36.504772,3.8572352,71.72536,3.5460794,-37.777527,3.486961,31.423565,4.727594,-28.117474,4.88949,29.963335,3.5754826,-17.631603,3.535707,-2.3066695,3.4490788,8.489486,3.2497125,3.4480495,4.645504,9.741381,3.9575677,2025.4467323728115,177.5283106914987,2072.8853389493433,87.08584649910438,0.00060247956,0.0010415185,4691.515405216793,0.008255328,0.0014364129,0.08968854227088167,0.015382903903337663
-439.54068,18.543549,191.12964,13.246513,-21.68672,7.595479,46.704258,4.469933,-10.444884,7.0160427,28.011438,9.268669,-2.7676032,9.383012,18.628927,6.324817,-0.5921133,4.132105,3.208123,4.415754,2.5756986,3.4972336,-6.9160147,4.4030004,1.2542889,4.500295,862.7797056093381,312.936690839304,1246.289411861371,276.65874327042843,7.3916744e-05,9.909751e-05,1698.6000149543213,0.009176503,0.0016024737,0.032505256670533646,0.009681244116306312
-390.65393,10.504126,192.2943,11.316032,-43.6932,6.2877183,58.239178,3.1553206,-21.57497,5.797596,31.846157,7.947895,-13.477844,8.808594,11.27334,6.652513,-6.2201777,4.545935,2.0126562,3.6411645,3.609631,2.8576078,-4.2416377,3.629007,4.927718,3.5139627,1079.8297690862512,262.6272678814439,1370.6241584368033,256.6205636625413,0.00014544006,0.0001560845,2277.1237402117167,0.009498767,0.0007589168,0.045454339472157775,0.008338563252193494
-392.54874,6.641067,171.2897,6.718526,-37.040268,3.7863634,42.57835,3.7591963,-41.482826,4.473377,38.001667,4.882105,-28.610634,5.000389,25.100346,3.643827,-11.995749,2.891719,4.0003147,3.154928,0.16638765,3.2754338,8.487539,3.6392384,16.371231,3.3800094,1432.8951847111912,197.39853669727393,1718.0179466525624,134.3735246367028,0.00029112538,0.00062060176,2804.4124311194896,0.008054595,0.00086466386,0.0744022803074246,0.008921157914700738
-374.9127,6.7928624,156.03894,5.627997,-43.359177,3.5123396,54.343117,3.530373,-41.891296,4.2513237,36.645596,5.34129,-28.607924,5.0572367,32.014824,3.8647075,-5.9059067,3.670668,0.7193038,3.1733472,-3.1252697,3.2530155,-6.19676,3.139806,1.000215,3.251129,1691.8634017453996,203.33829066619677,1871.056477577439,133.92883847685135,0.00038758476,0.000395218,3795.5393072070765,0.008285577,0.00094798696,0.0835946563225058,0.00867769234717157
-392.6722,8.906627,190.76543,8.394148,-40.535835,4.8520174,54.696785,2.7187924,-20.711231,4.840586,29.8238,6.24002,-9.346266,6.6534615,12.071323,5.401672,-1.5819463,3.5563905,4.146523,3.5969474,4.843558,3.362985,-4.093135,3.1681497,4.072291,3.2423818,1033.0808021782414,204.66201961359138,1343.778368140399,185.96828763303108,0.00012899413,0.00012842569,2132.8862519939094,0.009624147,0.000941374,0.042551841647331785,0.007216740566248276
-385.75,10.157665,181.11005,9.177809,-46.474903,5.5004525,53.480213,3.3948622,-29.671524,5.056876,45.02196,7.260287,-8.183088,7.6912975,19.743032,5.8737493,-10.735271,4.308801,2.9554238,3.778219,1.6945636,3.530984,2.485214,3.6647353,10.1258,3.8823092,1239.8141943877995,260.68897675405003,1525.410783320654,222.53806883314184,0.00020383234,0.00012742431,2585.8579135549594,0.00889104,0.00078635896,0.056969166908352666,0.0101529006402484
-383.65195,8.879318,186.59346,8.047116,-46.871872,4.444588,61.65983,2.922576,-23.713438,4.5028734,33.32816,6.37805,-12.047862,6.8523226,13.211467,5.2726383,-5.803477,3.9647422,2.3042207,3.268611,1.9609464,3.0759213,-5.39326,3.2486923,5.394477,3.4567344,1138.7964173806845,202.80607431673795,1425.7510456466605,181.9400125970218,0.00016586424,0.0001352721,2454.3105264827436,0.009470864,0.00074706465,0.04731003480278422,0.008202330402263175
-393.32922,12.492652,178.86275,10.194745,-39.74101,5.777235,49.357277,3.626177,-24.846727,6.006708,40.46778,8.48311,-5.0026383,8.504081,19.045475,5.3633866,-8.175154,4.403203,1.6715109,3.6583128,0.22820878,3.449091,-1.1949059,3.962232,7.206302,3.8026903,1184.9256808658492,277.3340051948893,1491.6933873802782,239.60080108367046,0.00018437969,0.00026816537,2450.388585774362,0.008954771,0.0011338025,0.05137828995069606,0.01155974019918713
-388.41373,11.47765,181.67847,9.543859,-39.565495,5.4715924,57.784134,3.3058727,-16.988693,5.033137,29.16753,6.9089575,-10.104443,7.7027884,11.983965,5.621149,-3.0397406,4.09188,4.7904825,4.063582,4.05176,3.006004,-2.9181314,3.6659174,5.134388,3.3523905,1104.4482648037229,235.27714281410792,1420.2841110174115,205.75689981133928,0.00015151182,0.0001560918,2378.5446273201856,0.009636203,0.0011119342,0.04251219003770302,0.01040304412470573
-395.21658,10.414412,179.82726,9.331043,-35.985752,4.349909,52.798965,2.9598825,-24.728283,5.0863957,42.89685,7.7123876,-5.4406686,7.8263564,18.67489,5.4929566,-8.930484,4.078877,1.8100661,3.1667154,0.896041,3.105711,-0.11638897,3.6006532,7.940935,3.2551112,1138.9523808820397,259.2098340670185,1501.4717119006327,229.32469922524524,0.00016670652,0.000131526,2395.031766603828,0.009078261,0.00076810486,0.04578854589617169,0.009013015484509139
-408.4705,13.630557,181.8147,8.088212,-30.738771,5.675817,46.849495,3.3832731,-17.430338,5.3955307,31.508827,6.4878883,-3.5841782,7.698273,16.6563,4.509108,-3.248,4.364808,2.0150385,3.6953018,0.592886,3.2397532,-3.6245575,4.1262803,4.884724,3.6886947,1022.6120441414046,223.18710073290018,1374.084653723843,186.0339123773208,0.000119638484,0.00014419739,2045.3295501921405,0.009233369,0.0013617014,0.03978415929524362,0.009389554196431353
-388.97647,10.374287,192.17285,11.258707,-44.688057,6.268432,58.479362,3.4893103,-22.57276,5.5239034,31.48661,8.30003,-13.455178,8.398133,11.906927,6.401006,-5.9676857,4.911509,1.9625299,3.644858,2.7159684,2.922672,-5.5721955,3.2235467,4.3707857,3.1010773,1095.4413336152302,251.95368814215036,1376.639255578897,247.30830909181998,0.00017372236,0.0004422933,2299.206514646172,0.009449937,0.0008272584,0.046430901972157775,0.007756770246586077
-368.68753,11.82084,175.31075,9.539521,-42.68026,4.4825926,58.025627,3.7369187,-25.047337,5.3732176,32.31782,6.561324,-15.483428,7.3729277,12.307472,5.5351567,-6.603013,5.0262737,3.0832646,4.0928316,1.8653272,3.03356,-5.2460194,3.2556996,4.8363743,3.47067,1269.4222677005766,229.61222527200712,1537.6937115311948,195.6893004527721,0.00026002104,0.00035967544,2753.2773188261312,0.00919661,0.0014796616,0.05692385078306265,0.01047074894986652
-351.5622,8.646582,148.00272,6.0621977,-51.853374,5.0605307,72.21943,4.6704426,-33.31107,4.2181983,49.92109,4.551609,-25.874249,4.2495885,27.31788,3.897057,-10.71064,3.2938282,11.738786,3.1399236,2.9005442,3.1110063,-3.4541457,2.9755747,7.1182604,3.0880623,1855.773552466366,193.936039611113,1990.420887412624,106.26179794897926,0.0006034094,0.00075689587,4231.524219203161,0.008826345,0.00089903525,0.0847774071925754,0.014229330900178087
-377.5337,8.124809,183.5525,8.066537,-49.120667,4.521011,64.884544,2.8676682,-27.20247,4.530888,37.140194,6.197755,-15.575044,6.8669705,15.318527,4.802784,-6.4718127,3.795828,4.061955,3.162393,2.1970913,2.9032671,-5.6409736,3.2419004,3.9545887,3.0411427,1214.8303713038972,207.24807442489796,1496.9624893126238,179.30431613052662,0.00022085385,0.0003578081,2658.950897712442,0.009399268,0.00070746744,0.05277402660962877,0.010306777878526826
-388.8585,10.819233,194.07591,11.314699,-46.22272,6.2215223,57.594936,3.4396503,-21.582258,5.834842,31.762367,8.286541,-13.102106,8.55287,11.71869,6.872534,-5.765345,4.9002366,2.5383985,3.2383478,3.435414,2.9506805,-4.970473,3.4587028,3.8224413,3.4117353,1084.951788343758,250.4715534569353,1357.4649148865738,249.80744007852147,0.00016515673,0.0003893919,2268.305618746375,0.009458132,0.0006751716,0.04606497426044084,0.00805558019595454
-394.854,8.879248,199.59451,8.847506,-47.488842,4.9116216,58.21879,3.510385,-22.22712,4.6587634,29.867693,6.9562316,-12.775875,7.1815557,9.921078,5.2915115,-5.859799,3.913974,2.2324593,3.3574834,3.0896993,2.9091935,-4.2894855,3.01486,4.603685,3.1709793,1026.787766053894,196.96134414528782,1290.1068665270625,189.0992595645993,0.00012622838,0.00014127468,2087.1469307388343,0.009447551,0.0007023878,0.046945239994199535,0.007895997716829084
-380.25424,7.6539702,161.65363,6.534967,-33.010296,3.3995297,44.247055,3.5211215,-41.719597,4.1148405,39.314026,5.3151402,-25.238615,5.86915,25.74312,3.686704,-7.6808696,3.5977085,6.4892497,3.4125538,-3.0676591,3.1020947,-3.023447,3.5490923,11.711988,3.403066,1536.5208113054657,220.8512265162377,1820.4442605067363,149.58948447264277,0.00031769875,0.00056659355,3349.4872480423433,0.008651114,0.0010161429,0.07603705952726218,0.009038969716382333
-377.69012,15.043849,181.2099,9.344183,-37.507748,5.2979193,48.787476,3.523269,-16.580315,5.0145535,24.535707,7.345061,-9.023069,7.210402,5.3453245,5.5632577,-5.5577207,4.316648,1.2798843,3.6954234,5.760534,3.287333,-1.9044375,3.3489213,4.5620055,3.296627,1117.9420912798096,213.4655449791336,1381.0798675625626,196.4353250516239,0.00018373478,0.00039600753,2320.439951602378,0.009309269,0.0019542838,0.05092172998839907,0.008142101748599462
-386.21695,8.963866,172.43492,7.9882736,-43.821884,4.570353,56.929607,3.7301586,-30.946775,5.040204,49.98723,6.261101,-11.320576,6.866193,24.315876,4.5542045,-13.034578,3.714895,4.378253,3.3658156,1.2633095,3.142693,0.54292864,3.2041268,9.72611,3.368223,1331.006665144842,241.24811534527763,1661.2098528309477,189.60239612872414,0.00027050194,0.0005149917,2895.041736151392,0.00885962,0.0007217845,0.05785623006090487,0.0098511164362524
-366.56454,5.4627314,146.41113,5.24086,-43.200176,3.9260912,62.504433,4.234387,-44.27147,3.5896027,34.91603,4.551238,-24.045221,4.801744,34.363457,3.5978723,-8.807909,3.72109,1.292828,3.710596,-0.52138466,3.3858192,-7.758235,3.1151316,6.1304684,3.5082698,1848.646858787349,157.97470041096196,1954.5985165957422,92.0979817473603,0.0006243096,0.0022806702,4237.194795896172,0.008103313,0.0010395987,0.09047477704466357,0.009456408068085223
-376.39847,9.189107,182.90915,9.362344,-48.20161,5.1451917,62.977474,3.0652761,-27.458164,4.704163,37.085308,7.456497,-15.784476,7.410253,15.579687,6.367234,-6.2755747,4.1746383,4.2561355,3.6437705,2.942207,3.0534215,-5.6772323,3.3601358,3.7124982,3.284799,1235.4086477029507,245.28712065405972,1510.4114526648045,221.6388441476321,0.00021404619,0.00021580003,2703.141427095418,0.009376492,0.0007168725,0.0534152497824826,0.008921586918882075
-389.89655,8.689986,164.35735,5.932535,-24.715631,4.6905932,42.09207,3.3030548,-40.021065,4.557202,35.592648,4.931739,-31.078213,5.3468595,17.842203,3.7851884,-9.49297,3.5827672,12.355249,3.2591453,3.7780545,3.0010583,1.1724082,3.5516727,3.1808326,3.186602,1430.3282545973632,197.59849455833154,1785.4194333479322,133.56659713442463,0.00020183586,0.00011644069,2996.8123504567866,0.009240857,0.0012252453,0.06563247716067286,0.007895002054636122
-339.38095,27.447355,151.09865,8.446078,-87.99293,10.69391,65.22631,6.110236,-55.706123,7.55221,34.575092,6.0118876,-34.926376,6.0910025,21.313354,5.258284,-13.959821,4.622952,4.469322,3.6811118,-0.32258242,3.7366598,-5.5481086,3.6928868,7.2296133,3.3321214,2109.341403785015,227.21596216001532,1757.7822529149037,138.47915624588887,0.0010180726,0.00095135334,4100.751228066995,0.007280217,0.0013959571,0.14520419446055685,0.020050956459838315
-381.60107,6.6509714,160.12262,4.8868756,-33.175285,3.0987685,44.22048,3.2313294,-42.632744,3.9252892,31.592903,4.7946515,-20.422848,4.6372924,29.196949,3.440057,-5.573636,3.0179815,8.183713,3.168421,-2.6965892,3.4094782,-9.354964,3.6593993,7.764462,3.4654725,1524.7564698082406,165.50709785606665,1792.355845028423,112.25882626689659,0.00032791658,0.0003327701,3293.2561108794953,0.007926768,0.00095409964,0.07591357308584687,0.00842258721333517
-394.98114,9.819093,181.94522,10.03587,-38.311466,4.3648057,52.363434,3.0800624,-25.814707,5.3190007,43.689266,7.6394014,-5.5827255,7.895033,18.707205,5.3075876,-9.625495,4.426699,2.0163846,3.2014847,1.5649873,3.1075904,1.8829799,3.7030027,9.022462,3.760554,1142.269536633921,282.8464347449837,1488.063297902572,234.96164384811837,0.00017484829,0.00019036328,2361.6078387833527,0.009079117,0.00082956714,0.047955789588167055,0.010232341202987435
-369.04178,7.6801333,147.91068,5.9158344,-40.65212,4.627745,68.56594,3.518006,-24.738026,3.9206724,46.855125,4.5874424,-20.39723,4.3627477,25.356955,3.5666475,-7.437062,3.3698413,11.122105,3.214356,3.775905,3.078947,-2.199313,3.3326879,7.888296,3.2397873,1636.493648094273,199.92531322645533,1930.7478681336274,113.19029394166733,0.00041221888,0.0008888502,3858.665066252175,0.009161235,0.0011732655,0.06252379096577726,0.014619141101737735
-372.63702,8.292315,185.021,9.086014,-49.681263,5.2182074,63.132816,3.117607,-29.00159,4.2975593,35.92701,6.866784,-16.163898,7.095597,15.022797,5.441493,-7.8525653,4.431092,4.060483,3.158511,2.0168397,2.923666,-5.851047,3.162021,4.929055,3.334886,1229.5449399249028,217.72946278759704,1493.4875977147842,203.0100276880321,0.00021941718,0.00025516603,2672.89002456134,0.009484156,0.0007276889,0.055072687064965195,0.00859662125414887
-382.0636,8.0528345,186.83583,7.5226,-48.33644,4.2009687,62.152035,3.2261157,-24.083029,4.336367,33.963665,5.5721226,-12.575317,6.73273,13.344733,4.516558,-5.557852,3.7285216,2.9843721,3.2986777,2.9882314,2.8926985,-4.754988,3.2303333,4.177743,3.0828953,1150.9731571766433,176.30829475476847,1428.7360735355776,163.35664411134317,0.00016795483,0.000117424046,2479.915553400522,0.009485339,0.0007308304,0.048832656612529,0.007576840903069559
-388.10977,7.8028803,164.1922,6.2478256,-31.84446,3.5903573,48.984104,3.2818432,-42.332794,4.389822,42.68283,5.3972,-25.56156,5.0100226,25.605597,3.678833,-8.551428,3.3099086,6.356466,3.1427944,-6.900112,3.0554273,-9.289546,3.5234253,6.2724075,3.3479085,1496.9553518643238,222.05228400437662,1821.2184621919034,150.26005858669316,0.0002789645,0.00034984222,3318.936079339472,0.008581842,0.0009456474,0.07050622643561485,0.009907877258368628
-374.6483,6.157372,163.94055,5.780019,-44.64151,4.232814,62.830406,3.4906764,-28.701824,4.1626163,49.73813,4.375334,-14.563542,4.9762616,25.456377,3.7064779,-12.746103,3.2657213,4.693918,3.2945857,1.0093611,3.1707394,-0.35531816,3.3324335,9.665533,3.0269587,1436.7238489836452,176.7150092497903,1765.1475407365065,119.68827893661988,0.00032863027,0.00062917586,3261.106189276392,0.008986604,0.00085732504,0.05861867386890951,0.010396466929334963
-399.21164,12.812251,173.04541,10.758087,-27.737823,5.4927716,59.739704,4.3834915,-20.304691,6.0728817,36.43496,7.5755205,-12.950712,8.080973,20.86163,4.909456,-4.338509,3.6859243,9.671962,3.4238992,3.178047,3.1610808,-6.28433,3.3630478,2.5706744,3.2750568,1138.8427280374149,294.4219380096235,1573.2557533625875,250.81650937696296,0.00018978266,0.0006110789,2538.0701901464618,0.009392092,0.0008428517,0.04103601725638051,0.011220274108859396
-393.3341,8.4641285,197.55835,9.046597,-46.145527,5.484213,56.38903,3.604689,-20.392496,5.1207013,29.265802,6.7436996,-10.967518,6.5625873,10.3330965,5.133775,-4.638099,3.8603697,1.557272,3.55766,3.0463052,3.0115652,-4.5760365,3.037781,3.8226163,3.2513013,1023.1248994216503,183.78070691037536,1293.5026083748983,185.4646720597704,0.00016176197,0.000677671,2092.467780234919,0.009427051,0.0006858685,0.04510200659802784,0.006742085392043873
-390.40994,11.283843,195.53447,12.333391,-46.793804,6.475767,56.869205,3.4638615,-21.419369,5.9925914,32.44416,8.681338,-10.451304,9.221003,11.31526,6.983025,-6.513642,4.739973,1.0615333,3.3536785,3.3072083,2.895803,-5.2424083,3.4609592,2.5849898,3.432387,1071.773692485146,263.07432775994334,1342.1589090887348,266.7552477415767,0.00019810323,0.0008000227,2253.741979045824,0.009383409,0.00066315563,0.04771787993039443,0.00784351163675741
-387.7949,8.572593,192.38428,9.484421,-46.577072,5.3662834,56.789402,3.6811702,-20.69279,5.196259,30.407526,6.890243,-9.269818,7.246389,11.432141,5.325353,-4.8360724,4.1759806,1.0704929,3.4718735,2.6518545,3.0604975,-5.1851015,2.8611696,3.8580127,3.0836442,1072.4713706176954,208.36264102106293,1342.240089018813,198.1544097018436,0.00016945897,0.00054895406,2234.1572560179816,0.009405893,0.0007272219,0.04680022839327146,0.008120112738025535
-375.67792,7.196266,162.18112,6.2514625,-32.958035,4.3139043,47.036816,4.1063285,-42.14164,4.3241396,38.460968,5.164201,-25.742563,4.8339953,25.877161,4.4312687,-4.2928205,3.328744,10.443049,3.2842414,-2.29343,3.5508635,-7.589353,3.3649218,4.15924,3.316563,1534.146639402595,203.94943140435166,1827.200517381547,145.30313492892057,0.0003435069,0.0007382081,3426.4022508519433,0.0086842915,0.0009508346,0.07386755002900232,0.008239378380011684
-388.6105,8.619167,189.78325,9.622406,-43.4247,5.0525403,55.8996,3.4720454,-18.581167,5.1400523,29.10648,6.8591447,-9.053914,7.172159,10.358165,5.534816,-3.3063676,4.240072,2.0229602,3.2254453,2.7049239,3.136194,-4.7129188,3.0040574,4.417002,3.0761838,1067.9869611642346,222.77062095052403,1349.2534921963518,199.6127929751631,0.00016854575,0.0004888665,2227.062790023202,0.009484284,0.0009443751,0.04616353683294663,0.008647664001012701
-387.06686,7.8216066,167.30713,6.97764,-37.84164,3.9587235,43.35762,4.0972877,-41.361885,4.808795,45.425587,5.630415,-25.26277,5.32274,25.94059,3.6419852,-14.478119,3.5400445,5.763163,3.5373058,0.47329423,3.5334992,7.0848193,3.887247,16.896145,3.4585226,1513.4183942623438,213.1102135965026,1803.5857310337847,150.45447003099937,0.00034133682,0.00089708174,3171.2512801805397,0.0081995735,0.00088328915,0.07553291763341068,0.008903743243037018
-367.57278,5.3370895,134.16882,4.974174,-36.03449,4.097753,70.59407,4.140513,-37.665466,3.221475,31.44722,4.546054,-25.874315,4.8793097,30.131077,3.5417826,-18.844019,3.034856,-2.799515,3.1194408,10.508631,3.1876388,4.4458804,4.1403623,9.72702,3.6123345,1984.9189134760554,153.85936618828265,2054.6417079503963,74.11147143293105,0.00065739005,0.0019969158,4624.4427249492455,0.008337151,0.001522987,0.0900340777262181,0.017367791146107436
-384.6045,9.93494,186.49405,9.300036,-43.35381,5.1417,60.028267,3.030782,-23.30881,5.04434,32.457638,7.6039863,-13.699616,7.599341,12.142074,6.053071,-6.118212,4.5984793,2.4171093,3.5757496,3.1811914,3.0036438,-4.4263215,3.0275557,5.1291046,3.3652897,1132.4320342480091,230.9725413556965,1428.8712766917527,222.2598120883665,0.00016133438,0.00011819774,2436.074751214472,0.009509646,0.0007524896,0.04841461535672854,0.008145822944831786
-435.33505,14.957986,198.98824,14.348918,-33.692966,6.8514614,45.766663,5.3394046,-6.8981543,7.2656713,30.017435,9.488951,-7.3329825,8.740379,12.470413,6.681828,4.078402,4.4882326,9.8186245,3.2915258,6.991655,3.0405471,1.1368315,3.4043734,7.432476,3.300391,863.7783885003173,296.5748639687482,1211.2234647220896,283.75753189179244,9.083949e-05,0.00059669995,1801.020122625435,0.009859746,0.0005821588,0.020499882178074247,0.007571981470749965
-350.60513,20.733759,142.32736,12.489398,-93.26557,9.2821665,76.52726,8.762357,-60.166904,6.017327,42.284164,4.6900606,-36.156723,4.993384,32.023144,5.3573775,-17.976889,4.290364,9.076708,3.432469,0.96798545,3.3221385,-8.974485,3.6538215,6.478257,3.2864559,2374.4440098450696,296.11877889237405,1843.733749935853,108.9187920351844,0.0012511772,0.00033978425,4522.247441904728,0.0063516623,0.0012561328,0.18334337840777262,0.03929354975352717
-375.8349,7.604403,181.5293,7.823524,-47.682224,4.6808147,62.4424,2.937861,-25.691093,4.110408,35.370296,6.014967,-13.88231,6.5326586,13.781975,4.61306,-5.9139266,3.8872068,3.568578,3.0836766,2.73041,2.6973193,-5.3067427,3.306638,3.946001,3.2936885,1218.585053371445,197.7617229191518,1490.5997269854024,172.69938820879193,0.00023282072,0.00074481283,2661.099221922129,0.009434145,0.0007433881,0.05312749238689095,0.008339961495820895
-376.19656,7.006776,161.88979,5.879737,-33.56509,3.2033384,46.434555,3.4410374,-41.925465,4.264685,39.350353,5.2858777,-26.834623,5.0935593,25.571856,4.1200457,-6.761088,3.51771,9.751537,2.877848,-3.5141087,3.5214002,-7.164434,3.5837085,5.174438,3.5059962,1558.874712950811,198.50222038060085,1849.2187557345794,136.90729466997564,0.00033603836,0.00046423776,3485.231361477668,0.008565475,0.00089177093,0.07547853828306264,0.008124508792635867
-390.6132,9.0517025,196.71404,8.27183,-44.909897,5.1487823,54.46725,3.854274,-22.410624,5.084426,29.874882,6.1777644,-11.517504,6.8484187,8.093751,4.877894,-7.352198,4.192997,0.84726316,3.5599701,5.115277,3.0286148,-2.0709863,3.6702206,5.319151,3.2850206,1039.2902640464279,175.7730082648303,1302.5903197739653,175.02232049487725,0.00014919009,0.00037285482,2084.4240547056265,0.009374962,0.0007399881,0.04781757540603248,0.00715052092689559
-388.24646,7.487,169.96404,6.946152,-40.91913,3.684145,44.397392,3.55066,-42.58088,4.0163865,42.929188,5.7862344,-28.883211,5.4746914,24.954584,3.828604,-15.880458,3.1188838,2.6278095,3.3512685,-1.0685923,3.122315,6.385526,3.6979926,15.542111,3.376792,1515.3486501800799,224.04419759583482,1765.8375337305554,157.91893859279895,0.00031073432,0.0003100473,3060.7874469801336,0.007856794,0.0006183927,0.08083490429234338,0.009633848136188967
-376.77582,6.8556356,181.96643,7.4648952,-47.28236,4.9893622,61.462143,4.0412464,-24.340487,4.204328,34.640953,5.7130494,-12.904714,5.4940405,13.278318,4.612668,-6.107127,3.6426005,3.2461498,3.4601698,2.5370715,2.950024,-5.830009,2.8927884,3.1384487,2.9296575,1193.6257445212295,167.4856016295528,1472.9853550695484,156.55052275005147,0.00025883332,0.0011551911,2592.552691324681,0.009416339,0.0007618206,0.05179293249709977,0.0073078023460679455
-395.1784,9.8466425,123.60211,5.169606,-20.622988,3.4812686,76.72002,4.0465217,-34.92812,3.873463,45.95314,5.0842013,-1.9847398,5.486011,27.519371,3.4259806,-22.164085,3.3675423,13.134127,3.6692896,0.5608194,3.4267185,-7.9473734,3.4298441,12.738763,3.1886563,1970.8295867483605,212.890260456062,2191.793733527617,77.92773985567199,0.0004262766,0.0007431298,4633.935320294374,0.008503506,0.0020325382,0.06814638921113689,0.02418813581778708
-392.60187,7.167365,170.16403,6.0653753,-37.192814,4.077269,42.903378,3.79445,-41.82701,4.08474,37.24397,5.3692927,-27.967337,4.660646,25.187082,3.7532432,-12.954572,3.1149194,3.0064428,3.2782755,-1.1875409,2.8776305,5.686694,3.3823998,15.987183,3.2383347,1447.3224496685905,188.0061160952267,1722.718742708253,134.48485445729813,0.00026351563,0.00037112646,2860.143958001015,0.00815338,0.0007503137,0.07416550355278423,0.008753046558955193
-366.32098,6.178926,143.4162,5.4851956,-36.403637,3.4036102,63.08769,3.3174691,-40.210762,3.7107387,31.745745,4.795555,-29.473612,5.0409074,28.717272,3.6098957,-6.236304,3.5298336,3.7297187,3.2176678,3.3836544,3.1079965,-7.699391,3.3395836,-4.7088356,3.5770383,1833.3207376965304,192.6293476837774,1973.7955642111947,113.74278349678231,0.00045771044,0.00077286916,4310.887312391242,0.008650926,0.0011127605,0.08376799050174014,0.010996861775877833
-358.3944,6.011741,126.589355,4.6026015,-46.701927,4.647385,76.20555,4.66394,-45.736946,3.6180084,32.584644,4.5184813,-24.857893,4.2033396,31.12607,3.6188798,-13.00846,3.4628098,14.14977,3.2910438,11.305357,3.4233663,-8.144334,3.6633089,1.0162243,3.5972974,2246.3304063045302,141.92995082966536,2085.049840951621,67.24361919857265,0.0008139132,0.0016713544,4882.191669083527,0.007881492,0.001174459,0.1158121555974478,0.015814646265433233
-347.2234,31.134983,162.25401,8.32296,-63.12232,7.8279605,66.69822,5.7634387,-48.291527,9.018893,36.356846,6.491839,-27.55609,5.8489127,24.112925,5.767926,-16.185316,4.420599,-1.2275219,4.836233,-3.3635929,4.1961775,-3.1042314,3.5976562,6.8656664,3.344328,1803.4384929699415,223.90241477907557,1797.304693423111,137.75870001600063,0.00064768223,0.00064339564,3876.8508804923144,0.008265292,0.002119598,0.10275884570765662,0.018199410581267825
-370.06137,28.145874,175.60039,14.941992,-55.343204,9.967642,67.1703,7.4000793,-32.922768,9.108989,36.410824,8.899975,-17.581764,7.446513,16.120289,6.380507,-8.863906,4.5625386,4.746656,3.5890536,2.7842767,3.2744865,-4.302357,3.2320645,6.6774716,3.5315137,1417.9481511551533,357.4061378145729,1585.4236704889934,227.50902541977192,0.00036429396,0.0006226341,3063.910011238399,0.008582272,0.00086977513,0.07131965088457076,0.026622525489362857
-436.84427,15.330872,186.42801,12.87266,-14.971353,4.946789,54.014854,4.284274,-12.60854,7.532151,31.596287,9.888972,-8.127968,9.773876,18.545502,5.308466,-1.7109789,4.135659,6.223431,3.558748,1.6413747,3.226212,-4.750392,3.9870744,2.4833424,3.7955036,871.4676589880232,326.1912137050656,1338.6875418245932,314.65221386152984,9.7035896e-05,0.00038131734,1746.8373876160092,0.009423521,0.00094806013,0.02966506851798144,0.01017203547840095
-389.71332,7.0185695,167.98975,6.021465,-40.079853,3.2761955,44.35473,3.3184752,-41.92532,4.34959,39.187325,4.652049,-29.69909,4.853341,23.80213,3.753997,-13.3035345,3.2536688,4.1915407,3.0224738,2.098689,3.2637012,9.314826,3.2320087,16.59247,3.2330763,1508.5977287197609,176.3731750879779,1756.3130265624393,121.53154616778983,0.00030737015,0.000157395,3073.627431210122,0.0075845923,0.0008596855,0.0803715469112529,0.009893411943157272
-380.20694,8.988606,185.33098,9.3897085,-46.526962,5.617566,60.96393,3.4628766,-23.77713,5.0482974,34.499935,7.1126037,-13.535809,7.805072,13.158874,5.8672137,-6.0773964,4.1904907,2.9170926,2.9884195,3.689205,3.0363061,-4.3370733,3.3118236,4.6330767,3.258068,1167.9832474866614,227.9806732968227,1452.9353170379577,215.56905040207133,0.00019663764,0.00035479042,2529.401951765516,0.009458691,0.0007262427,0.05044930938225058,0.008685860077490974
-376.75882,7.2099113,185.22871,7.3538113,-48.958374,4.31315,64.34848,3.0444598,-27.755867,4.1922274,36.451744,5.914186,-16.640528,5.9201765,13.8216305,4.584663,-7.378361,3.6932783,3.712496,3.1058536,2.4740226,3.056472,-4.5766096,2.9555905,4.733276,3.1514914,1196.1031237077527,180.56820587035864,1479.393876438255,160.33492744403404,0.00020627657,0.0002399114,2590.354406086862,0.00946897,0.0007550358,0.052750235643851506,0.00827904587754935
-377.14444,8.413093,184.12498,8.652335,-47.80059,4.980745,63.535572,3.3933666,-27.356598,4.5084286,36.25766,6.6117973,-16.029451,7.491514,14.785854,5.2816186,-6.838526,3.999704,3.633277,3.5144842,2.492658,2.9701815,-5.246326,3.3137825,4.7815094,3.1488097,1209.131666864485,217.52332408283854,1493.2246122083884,199.62319740715995,0.00021599469,0.0003098934,2641.414576838022,0.009463683,0.00078991585,0.05287825369779582,0.009341180188154831
-397.47107,8.831357,179.35387,7.183418,-34.221638,3.7444775,48.672535,3.2930028,-21.42564,4.622956,39.924923,6.275138,-1.1665617,5.994961,17.529606,4.4929876,-6.9882765,3.4436715,1.9413854,3.53632,1.9764268,3.2821121,3.1174293,3.5307012,9.353584,3.5666072,1083.5179193781048,196.6893179751043,1445.76155729303,169.81637450724187,0.00015521057,0.0002631762,2199.0346532410094,0.009197786,0.0010866494,0.04675831097737819,0.009546162323523484
-387.3503,8.736071,159.05736,6.3633,-31.85598,4.142738,42.439014,3.8489485,-35.939613,4.2440867,37.38278,5.5144997,-24.247711,5.580153,24.363184,3.6819055,-4.8860564,3.0912924,7.1475797,2.9418106,-5.0722,3.1987743,-7.360451,3.1405778,8.87631,3.2149496,1511.8094556484623,217.88524420402797,1793.131273411398,151.2744756407993,0.00028604502,0.00022411629,3219.263828215632,0.008238854,0.0012300623,0.07503557315835267,0.009246222349818334
-356.63538,42.04336,151.2552,13.6910715,-69.19505,17.792847,50.10001,7.2714643,-49.459087,4.502106,32.400486,6.479605,-28.031929,5.5245695,22.731327,4.4890933,-12.655348,3.4916646,1.8909906,3.9547055,-7.0822554,4.235025,-10.454722,4.154739,9.17783,3.4674191,1936.6252435871538,217.55465106088653,1786.1949576654495,207.73621457212406,0.0009605332,0.0009464158,3935.5301080336426,0.007236024,0.0034972061,0.12231955118909513,0.016105876249940674
-383.9681,7.2738185,162.97252,6.5080695,-27.931288,3.679681,47.59576,4.102642,-39.924088,4.5996428,41.434574,5.518947,-23.9738,4.9350266,24.894722,3.6158519,-7.579385,3.291788,9.21363,3.0331907,-3.8571737,3.0450313,-9.394832,3.6589375,0.8501572,3.4258413,1468.3093828184772,201.25835037226685,1824.284642343405,140.92731134774368,0.0003026515,0.0008018511,3263.1545914298144,0.00897543,0.00090254884,0.06863353755800464,0.008254038028478034
-373.68167,7.2057114,181.59532,7.018828,-45.885265,4.1177983,63.543556,3.4285114,-28.847435,4.3053985,38.650703,5.648306,-19.850727,5.716061,14.303819,4.502715,-9.7926445,3.4636695,7.23014,3.126669,0.5219948,3.0864043,-4.376381,2.7913191,5.4142756,2.9367576,1238.2595682764245,183.2859982757564,1541.3029398644217,158.1335787871448,0.00022764692,0.00029031676,2675.313134425754,0.009541748,0.00072152197,0.05353080590197216,0.008328768203614103
-376.07516,7.8100286,161.74196,6.2576737,-36.777397,4.5276313,47.984715,4.0122824,-42.60715,4.196611,39.44369,5.60573,-25.64957,4.8676596,25.733686,4.1419787,-4.8801265,3.594346,10.546023,3.0735424,-3.7701504,3.08007,-8.071971,3.6181011,4.053315,3.5767994,1568.8074227306781,200.05400498370017,1833.4897401701858,137.3228716630272,0.00037806382,0.00079683674,3510.486661198521,0.00842104,0.001009472,0.07550119634570766,0.008843301506250949
-384.42807,7.077694,179.72682,6.492585,-49.035664,4.367709,54.742516,3.511379,-30.467865,4.124878,44.799633,5.565298,-8.05066,5.8802676,18.484419,4.5977755,-11.555897,3.1067088,2.238976,3.3060606,0.53854984,3.155346,3.073024,3.58855,10.279309,3.392194,1254.8554556055578,178.51676929355867,1527.3251816855222,148.38959319293946,0.00023919839,0.00041579833,2615.7845694061775,0.008747685,0.000792964,0.05773500942575406,0.008412648182742535
-417.73267,10.925599,185.70386,9.556676,-18.116577,4.027103,54.39899,4.1691327,-17.142206,5.423392,30.736681,7.23576,-10.764034,6.8676395,9.780926,5.251697,-6.046345,3.2550156,10.849641,2.965431,4.557051,2.8265438,-2.7261767,3.1779244,6.7436,3.3718557,921.4269525372923,237.297313855958,1366.4122216363482,220.76253776189716,0.00011343701,0.00029083682,1820.7297482236079,0.009201947,0.0009149192,0.03529333127900232,0.011407482076246298
-381.38754,37.701775,188.67374,15.280594,-54.987846,17.493383,51.67028,7.6167736,-29.352415,8.448414,29.5599,8.582812,-16.24723,8.384936,14.638207,6.594785,-8.637157,5.890308,3.6907265,5.3926682,1.4246627,3.735708,-3.6196017,4.275698,4.8138666,4.189965,1265.9549197031151,295.9697224618783,1415.0833698754154,264.17242643800824,0.00027716876,0.00057213765,2555.6564720490137,0.008452394,0.0027657459,0.06845453886310905,0.021096899193279322
-431.97867,11.526846,184.19945,9.725678,-17.956976,3.8822856,58.82835,3.9770606,-13.60858,5.9408574,36.35682,7.3437233,-11.006945,7.2590313,10.504715,4.9001164,-4.3925757,3.529885,13.905054,3.1636367,4.514985,2.9377058,-6.986542,3.1171293,3.346878,3.8461123,896.6747515144474,256.2743061506349,1373.8984656385487,234.42200524387846,8.890087e-05,0.00011054037,1820.754728737674,0.009244066,0.0011087114,0.03263893924013921,0.014053172970280092
-370.2509,42.983803,158.90904,15.067209,-48.52641,19.408077,67.7569,6.404358,-29.889116,8.502243,45.19968,8.958968,-22.265244,7.925499,26.155281,5.6520643,-8.751555,4.8236413,10.818829,3.137764,2.8020542,2.827527,-4.541836,3.2577388,4.9502134,4.0438747,1614.2492454044516,440.94637657776286,1800.7300158318,269.9382288975631,0.00043454947,0.000444599,3539.014408262036,0.008918656,0.0007101089,0.07511827508700696,0.0303795368161967
-400.27713,9.306098,180.93451,9.565259,-35.71769,4.803705,51.80227,3.216917,-23.332602,4.9217205,41.969448,7.308471,-3.0716963,7.3727784,19.133528,4.593707,-7.488794,3.343454,2.4454472,3.1254985,1.5375804,2.7925076,2.3072748,3.2880816,8.226142,3.2192335,1097.728378982123,257.38566346248916,1462.4956600276419,218.1208232201182,0.00018774568,0.0006862078,2259.212711626305,0.009215475,0.00091372785,0.04409485571345707,0.008229454205172753
-391.9116,10.6173525,202.46962,12.322328,-47.80108,6.4987183,57.125065,4.133424,-25.450977,6.064158,30.190609,8.6610775,-15.113287,8.71352,10.424719,7.155732,-7.626697,4.5343843,1.9595935,3.7179184,3.4499526,3.2208796,-5.217785,3.6116738,2.7130022,3.7383313,1044.452404936261,247.025434262665,1301.0560317534116,259.3086686618354,0.00018756333,0.00079742644,2128.264856891676,0.009484303,0.0005975406,0.047351952218677495,0.008081389776235025
-384.6452,8.113982,189.21487,8.218462,-46.69758,4.7011013,60.842762,3.512016,-24.465338,4.627773,33.773182,6.691882,-13.242222,6.399727,11.771291,4.9713783,-6.8993926,3.8809934,2.3375309,3.2419376,3.523837,2.9597943,-3.74002,3.274406,4.592886,3.0928264,1123.1751307145505,197.93481617199197,1406.4419371397066,178.69543775011613,0.00017443852,0.00029625636,2373.448602450696,0.009492851,0.00078441727,0.0485415005075406,0.008580541761235308
-383.9984,7.2999625,171.37917,6.51992,-42.89256,3.9302897,47.010105,4.2874365,-44.713753,4.322728,43.440784,5.837522,-27.355927,5.6096144,27.010233,3.6098464,-13.300276,3.3576543,5.0606995,3.1378603,2.5143337,3.0889814,6.395768,3.3954897,14.832638,3.3747022,1495.3567661207348,199.16718138844575,1750.38033220203,147.480456737114,0.000333031,0.00060885673,3074.451788174304,0.008232464,0.0007273618,0.07837763739849188,0.009143247158161585
-388.56738,8.19855,197.03433,8.8067665,-50.607735,5.823099,59.671684,4.4241247,-25.170729,4.8550835,32.52002,6.4595857,-13.095047,6.87664,10.91502,5.2056375,-7.2427416,3.9493856,3.0114825,3.3181043,4.2050476,2.8424206,-4.038878,3.4747856,4.159417,3.1542573,1078.7031746712892,182.87673232378475,1337.9500735009572,176.1081184304445,0.00018849627,0.00067565305,2220.667778422274,0.009261011,0.0006881173,0.04899692756670534,0.0074866319239374835
-382.12238,9.368021,187.37299,9.674952,-45.234875,5.553386,61.283165,3.373981,-24.450472,5.477872,33.45778,7.248068,-14.497591,7.7079296,12.218247,5.682114,-6.9319625,4.3106084,1.4059725,3.440932,2.2170088,3.1036396,-5.453014,3.4822466,4.6439333,3.519938,1146.5073660370485,234.09544497146203,1432.9235460161358,219.47995308312613,0.0001958121,0.0005005765,2462.029505329176,0.009505583,0.00074503134,0.049561113326566125,0.008378809722266425
-414.32462,14.237293,177.06819,10.119273,-25.26277,6.441372,61.66219,5.61093,-19.217535,5.7761164,41.554634,7.3697066,-13.920061,7.006847,16.369734,4.8867764,-7.562057,4.0576615,4.1667867,3.613578,1.9787205,3.2570956,-8.024207,3.664174,6.342061,3.5271802,1066.1212141794074,266.3856339488589,1524.4059683495825,224.0906037590482,0.00013480728,0.00017791682,2287.115945838167,0.009194932,0.0008375089,0.03741639174883991,0.013129809675968468
-416.38412,12.6750345,184.99295,11.492992,-20.998472,4.915266,56.94344,4.4814672,-19.11097,6.3704376,33.99608,9.380946,-12.779944,8.672335,11.349913,5.8221197,-7.7784266,3.8631792,10.70301,3.1534061,3.8141315,3.1101775,-2.7689257,3.9607134,7.951819,3.6799028,984.4285962902387,286.4349852134083,1427.9924075987108,285.8644007671384,0.00012641742,0.00026850819,2044.5301737420243,0.009128726,0.0010021132,0.039967689602668215,0.020002375492394857
-387.82294,7.862151,171.45428,6.7958474,-39.502872,3.5829291,46.92435,3.7413964,-42.701176,4.1824555,41.9014,5.441795,-29.781916,5.837497,26.463272,3.6372457,-13.172251,3.3538716,3.9135392,3.7027934,0.5313855,3.3869052,7.0763907,3.86563,15.094176,3.7890162,1482.7262212590865,215.96989814905453,1764.123784698793,161.89869590578013,0.00029620723,0.00020772405,3035.6570498296114,0.007973906,0.0007349242,0.07612769177784223,0.00896693695134722
-370.87152,6.463703,148.09288,4.786463,-46.595127,3.6462717,60.117615,3.7169964,-46.491352,3.3231301,37.176086,4.814739,-25.334312,4.712136,32.335052,3.581888,-11.353372,3.123193,-3.3747153,3.256804,-6.823379,3.0376098,-4.5092363,3.351801,10.638764,3.366882,1863.0317737572468,168.9059881475694,1948.4807068749667,104.95035900410466,0.000519628,0.0005691737,4257.179207149072,0.007770291,0.00090216333,0.09301814457656613,0.009447236628887527
-387.75296,9.966567,192.94907,11.320386,-46.491055,6.526069,58.766953,3.9806137,-23.67947,5.508309,32.701366,8.278122,-13.089876,8.476103,11.788134,6.3642364,-6.9977884,4.7385674,1.3861225,3.374045,3.2955325,3.233591,-5.079583,3.6893969,3.9608378,3.7033951,1106.5547469346407,247.2177074727109,1378.6193760985032,245.9284987457665,0.0002413966,0.0014530172,2328.8833653567285,0.0093534915,0.0007813295,0.04825147730568446,0.007627772934023836
-381.60025,9.138285,186.16919,9.600746,-47.089367,5.498828,60.59952,3.3439603,-23.827908,4.988665,34.960476,7.631063,-14.025062,7.5846567,13.506645,6.0500994,-6.506791,4.31986,2.7371967,3.3261588,3.6357899,2.9479387,-4.5809517,3.2662349,4.754867,3.6484532,1169.5397241379392,233.834273758714,1448.377931711349,221.05968000494465,0.00019676481,0.00042107044,2517.0865583309164,0.009442759,0.0007690987,0.050678155814965195,0.008243565262942894
-346.50284,10.778059,158.98248,5.619101,-69.919136,7.512621,78.05496,4.7560544,-42.234722,4.37748,39.472126,5.316997,-27.485157,5.1441603,20.948397,4.643175,-17.80217,3.627642,15.311068,5.134015,0.3125705,4.042446,-9.096322,4.1608777,5.948493,4.240325,1866.3016558067307,163.95462394558388,1794.45051630995,106.22069045155571,0.0006845976,0.0006311431,3787.645464762181,0.00807613,0.0005953028,0.11452631054234338,0.015386952961886597
-381.20874,7.65444,162.92575,6.7737975,-31.111832,3.8420284,44.89432,3.8105912,-42.06695,4.2457232,40.486835,5.5282516,-27.055033,4.8717866,27.279047,4.0536585,-4.378829,3.2954664,11.273828,3.5149605,-2.052694,3.430598,-7.323148,3.313741,4.8505535,3.3867142,1531.34586704866,217.03895906289287,1846.7412923316049,149.35289336863298,0.0003424107,0.00083341944,3388.8565382105567,0.008615792,0.00097355334,0.07371347520301624,0.009414234301260224
-380.28818,8.902644,185.17575,9.526933,-47.521645,5.200139,65.83992,4.221411,-28.047153,5.154633,36.171585,6.972471,-16.85066,7.232811,15.16094,5.5013847,-7.596376,4.179931,3.4186735,3.468416,1.652788,3.088911,-5.596891,3.6941438,5.512313,3.2009635,1203.79073105718,231.4558600654767,1494.4293322336214,210.2033973899746,0.00025156472,0.00089380855,2641.4645378661544,0.009452382,0.00078890944,0.051054279654872387,0.008898780380703871
