mfcc_1_mean,mfcc_1_std,mfcc_2_mean,mfcc_2_std,mfcc_3_mean,mfcc_3_std,mfcc_4_mean,mfcc_4_std,mfcc_5_mean,mfcc_5_std,mfcc_6_mean,mfcc_6_std,mfcc_7_mean,mfcc_7_std,mfcc_8_mean,mfcc_8_std,mfcc_9_mean,mfcc_9_std,mfcc_10_mean,mfcc_10_std,mfcc_11_mean,mfcc_11_std,mfcc_12_mean,mfcc_12_std,mfcc_13_mean,mfcc_13_std,spectral_centroid_mean,spectral_centroid_std,spectral_bandwidth_mean,spectral_bandwidth_std,spectral_flatness_mean,spectral_flatness_std,spectral_rolloff_mean,rms_energy_mean,rms_energy_std,zcr_mean,zcr_std
-321.22302,10.861619,161.56346,8.675158,-46.20686,5.768134,55.168354,6.1246643,-30.06913,5.803301,35.40483,5.68789,-18.94602,5.390246,18.393908,5.500186,-12.086336,4.9552393,3.400769,4.36995,-0.7416134,3.9228818,-5.6366515,4.009864,6.276543,3.8398485,1523.168002543318,145.96194536602448,1714.4375482788016,108.40784453459428,0.00040213097,0.0010858331,3262.704942176624,0.01211639,0.0027240373,0.07506049702726218,0.010393999562415676
-320.97742,16.062334,167.90843,11.330888,-44.3689,5.7613945,40.677513,5.1775513,-42.106262,5.5735683,19.147713,5.0788264,-25.312412,4.8253636,13.5526705,4.1994734,-17.638548,5.101563,-0.26421562,4.869378,-0.4689472,4.594111,0.8762501,4.4612927,10.590819,4.3808084,1437.4126626329282,158.07668513362086,1588.1510929091917,121.19126754940933,0.0002660431,0.00043566868,2861.542866788718,0.014525212,0.0052373847,0.07515226218097448,0.011079258603829332
-324.3768,10.37439,160.31464,9.084511,-51.09807,6.7455087,55.774914,6.7361345,-33.495483,6.852462,41.50485,5.919495,-17.362972,5.9023733,23.280289,5.104286,-14.025704,4.533959,2.8387847,4.410677,-0.692945,4.2578573,-3.3269842,4.2116218,8.727026,4.086241,1599.5323756665218,147.8506340875955,1759.9315820040745,101.02664616067422,0.00042285817,0.0007337887,3426.22738725348,0.011649904,0.002393775,0.08014949789733179,0.010904607253150006
-317.2901,14.488584,177.56609,9.916341,-43.04044,4.9801135,46.352135,4.950811,-33.90165,5.8353353,22.879473,5.0871196,-16.774864,5.519316,13.088656,3.9918036,-14.463815,3.9599884,0.29668534,4.0220146,0.8349571,4.171426,-1.9904355,4.227386,7.550643,3.744044,1280.5862875568282,118.67903444481784,1483.9089529729504,101.63292938868847,0.00019975836,0.00023660084,2593.2271652044665,0.015448035,0.00461424,0.06354453668793504,0.007997024946711319
-318.16815,17.188524,163.60548,11.4098425,-40.25218,5.972644,51.011,6.0566087,-27.869968,6.872596,28.010187,6.16019,-16.415583,5.1640363,15.66023,4.780797,-11.460468,4.7139983,2.919985,4.3858786,0.73665905,4.360687,-3.437771,3.977304,7.7291603,3.6548374,1420.043872755814,155.1261052267541,1644.4299393314543,130.79328278895846,0.0002905225,0.00053075154,3021.817845036978,0.013684313,0.0041096155,0.06680389899941995,0.00878015685669904
-298.28583,12.679321,160.25446,9.673391,-57.921352,8.757749,54.765244,4.421408,-38.85286,5.8124046,24.250774,4.6296697,-25.051529,3.9715834,13.703118,3.957755,-11.971059,4.135522,2.2511072,3.6876783,-0.044796918,3.9795065,-3.7442458,3.6602283,9.205699,3.8284795,1639.4930751750687,170.83617491512496,1657.4227150189408,84.87823076075829,0.00041216082,0.00047636929,3365.0501083055397,0.013827171,0.0034127599,0.09274624782482599,0.017626469101544702
-321.7834,18.322115,163.63841,12.04325,-44.268345,5.49976,54.17301,6.33909,-30.37506,7.5479584,27.846924,6.6443276,-19.018219,5.0323725,17.11787,4.937317,-10.631725,4.8798447,3.044135,4.563998,-0.53183556,4.1967206,-3.8485348,4.132426,8.948072,3.6621585,1444.921681136384,149.20163415534688,1650.6631075236864,125.88078742085152,0.00028213277,0.00050098816,3069.5805879314094,0.0141035905,0.0043360926,0.06551352233178655,0.010749530699648416
-313.3958,13.846807,169.144,11.031545,-37.817017,4.838811,45.095047,5.6202497,-26.60631,6.124321,18.583456,5.7016845,-14.321923,4.8089075,11.02158,3.9141326,-9.730781,4.056061,1.6269506,3.8058844,2.226685,3.9706306,-2.9845417,3.4155056,5.571059,3.4015882,1303.1211445381286,125.20106099873286,1512.0173273667838,118.21115982188448,0.00023718555,0.0005833265,2696.646493438225,0.014918726,0.0046659685,0.06354227088167054,0.008175861524412463
-325.36124,19.265402,161.76309,12.718131,-38.675537,6.007823,53.66839,6.733665,-28.267263,7.8795977,30.62502,7.085876,-15.5267935,5.968672,18.586323,5.266085,-11.279906,4.9269495,2.2213588,4.5039024,-2.3716018,4.763766,-7.2150455,4.0242753,4.647777,3.9202507,1430.7987844050272,157.9065812287349,1679.4594191261615,137.60950979291755,0.00030331628,0.0007033696,3094.436199427204,0.013449645,0.0041250256,0.06514759462006961,0.01015770159647772
-313.70468,12.913816,174.25954,10.347291,-43.244568,5.060723,45.947723,5.365835,-35.530174,5.4211674,22.207747,5.8927116,-16.911377,4.945499,12.103171,4.559237,-15.305242,4.156788,-0.4196278,3.6254947,-0.41255417,3.6723466,-3.101691,4.166843,6.960383,3.765761,1327.8711168056334,132.8408782331294,1515.4405181964537,110.87789263460989,0.00024585507,0.0006083073,2716.555963148927,0.015157587,0.0039323065,0.06714263703596288,0.00967210129182867
-322.75726,18.919027,157.91661,13.506977,-35.6946,6.281704,51.66789,7.147466,-26.198757,7.7538557,27.741081,7.4167523,-14.820437,5.365939,17.160376,5.153232,-11.094106,4.7963433,2.0334132,4.842126,-1.213437,4.6463757,-5.7432423,4.100989,5.2363873,4.0596304,1446.1222679577427,173.22636468474997,1691.4916252887974,154.87032002750203,0.00028884495,0.0004752802,3144.3472665313225,0.013614491,0.0042495327,0.06605391712587007,0.009359195345630324
-326.15625,14.773078,169.27295,11.734565,-50.145878,6.017372,42.421417,5.7443404,-46.13363,4.6029162,19.011383,5.577009,-27.374598,4.798429,13.966066,4.5744185,-19.162819,4.476217,0.36053813,4.4768214,-1.3457264,4.64625,-1.4072256,4.656918,9.765736,4.3547935,1468.6610243852774,171.94337685639633,1589.8883474270435,121.72821054500758,0.00025424478,0.00028838887,2939.631953759426,0.013716397,0.0037185163,0.07373839907192575,0.009306511484764394
-313.24646,18.762861,155.78624,13.493983,-42.925243,6.5428047,43.097965,6.1956186,-37.998016,6.274577,23.925072,6.3338404,-21.985445,5.4575744,17.657562,5.1052055,-11.715959,5.309146,1.1952522,4.8674526,-5.123066,3.964025,-7.593707,4.5355234,6.8325863,3.887878,1597.5145696117677,200.4178739217736,1719.5748051075705,136.54510605602255,0.00039770722,0.0010918443,3328.2038500580047,0.013579383,0.0047258837,0.08325365247969838,0.012511535790898537
-322.01526,17.275322,174.20554,12.387134,-37.584316,5.3665624,49.15636,6.174199,-31.957779,6.482321,21.931993,5.7793493,-15.2162075,5.374254,16.352783,4.6339173,-12.037413,4.615448,2.1485946,4.0938897,1.5784235,3.7764847,-3.4692042,3.7627308,7.7312818,3.6291726,1278.829668708473,133.41065688228437,1526.0220294538717,131.96104819418855,0.0002162007,0.00038146455,2665.2210067430397,0.015021312,0.00445872,0.06014242858178654,0.007584113890410582
-324.7388,15.298389,167.94499,9.402935,-44.913437,5.6036572,56.071785,5.2870674,-31.623518,6.433643,32.607586,6.337152,-19.433498,4.6168895,17.986969,4.3071837,-12.910759,4.991061,3.0962331,4.261301,-1.0158039,4.3557277,-5.2534575,4.043342,7.208104,3.7105038,1426.749418486326,146.24803275054413,1656.6070645743907,116.21256845502971,0.00029305546,0.00038347076,3057.1902529546114,0.012894579,0.0032239573,0.06763998151102088,0.010404938613130514
-316.86856,18.549595,174.08081,12.217017,-37.529606,5.2358274,44.41165,4.9986787,-32.29143,6.848192,21.412172,7.092418,-13.308943,6.432983,14.46912,5.164806,-12.618939,4.801145,1.0072907,4.3645597,1.7022539,4.162169,-1.2897043,3.8313098,8.288495,3.5229888,1272.1292423121517,128.07994972771877,1501.8574460694829,129.16652282066627,0.00021032871,0.00037069514,2612.73694669011,0.015837606,0.0053405184,0.06242182968387471,0.007962513093250401
-318.59412,17.904854,162.67621,10.823914,-38.20433,5.729613,50.161137,6.0359144,-30.443527,7.424624,27.341625,5.827761,-18.029852,5.0447273,13.321966,4.0155005,-13.524227,4.179877,2.3673024,4.7542496,-1.0083331,4.569289,-5.5493016,4.1083417,6.5318055,4.101255,1435.8061593595178,141.73054882302864,1664.540586952369,129.28226439744088,0.00028772486,0.00052507577,3081.9709229082077,0.013849319,0.004277701,0.06924303944315545,0.011774939436037695
-322.11978,17.387983,170.3388,12.854104,-32.905357,5.4108424,47.086845,6.785573,-28.583223,6.946032,20.014805,6.5243063,-13.974001,5.783086,13.187151,4.9280963,-14.001466,4.714095,0.05629038,4.49844,-0.20182744,3.9257534,-5.366778,3.8370447,5.8548803,4.0044117,1268.5482050053588,141.20861730155812,1529.0671346547688,141.5893531864475,0.00019510793,0.00027531481,2650.307639845563,0.015496101,0.00536996,0.05945588928364269,0.008055252932138131
-308.43753,16.889458,153.50163,13.508975,-41.79895,4.9735537,55.348,6.3818803,-29.961823,7.4317155,32.09252,6.6219854,-19.725973,5.3161373,18.889597,4.860897,-11.803237,4.728461,3.654866,4.489307,-1.0742897,4.0296183,-4.774529,4.1499486,6.819251,3.632541,1610.676420653427,188.40934095972372,1787.3725274792214,135.6239899633722,0.00039681344,0.00051561015,3508.8379472701567,0.013678049,0.0044902186,0.07832665675754061,0.011289899426621236
-313.74283,17.907875,165.85931,11.980003,-40.01723,5.9208965,43.086338,5.1092987,-42.42286,6.0944433,21.300917,5.163482,-25.333138,5.177448,15.445259,4.459807,-14.848247,5.412252,3.6480834,5.3360267,-1.477811,4.307343,-5.677577,4.2905507,4.227719,4.2000165,1456.13569471686,164.2883705854734,1651.6785119471315,133.33843075732995,0.00032851336,0.0011661195,3000.7842521933003,0.015522168,0.0055577634,0.07321159911542924,0.009237855808272558
-310.90414,15.056197,163.63232,10.598453,-43.962643,4.6102753,52.37008,5.533949,-30.856936,7.1343026,27.793695,6.2803845,-17.304432,4.973791,15.481235,4.367698,-11.87137,5.119006,1.8819461,4.1595206,-2.0503287,4.367777,-5.663944,4.205013,5.4012923,3.4688284,1465.6021293923316,142.70310458426346,1648.246063705442,115.01847575251699,0.00031474844,0.0004400845,3110.2988258591936,0.01394856,0.003946378,0.0727425772186775,0.009265374001643869
-312.9318,14.902616,174.56381,10.791484,-42.75834,5.201268,49.716465,5.2239046,-32.765717,6.166338,22.70221,5.527938,-17.898155,4.8160872,12.433479,4.2976284,-12.952198,4.3474665,0.8201227,3.8024688,0.34562978,3.292305,-3.9215193,3.2698097,6.4735475,3.6250327,1313.7892651069908,128.3210519773624,1518.8878472487318,114.1582259729436,0.00022325355,0.00031203966,2717.6800862819027,0.015439918,0.0044930615,0.06540816234048724,0.008770417872604791
-321.7543,19.137213,149.2394,17.249868,-47.305058,7.9431376,48.689384,6.069157,-34.177616,7.3945274,26.085346,6.169341,-18.79093,6.1931434,16.511257,5.2166705,-12.28198,5.4507475,0.661592,5.2245784,-3.1715732,5.026775,-3.3832176,4.956203,8.653369,4.896471,1686.0351188444652,308.16898197424507,1747.8299401774786,145.88286053009293,0.00050017866,0.00059869245,3529.1471052059164,0.013164643,0.006952148,0.08492808330916474,0.034369142590695824
-309.54816,15.4562025,168.39156,11.753233,-36.42452,5.0847993,46.333565,5.5204496,-29.123667,6.754169,19.389708,5.874253,-16.116726,4.9707294,10.678296,3.9853377,-11.552479,4.2531734,-0.09838591,3.9065742,0.05899232,3.9343045,-4.715036,3.448826,5.849928,3.4118292,1321.5574107000914,141.8191613448216,1538.8779872763778,137.276106203447,0.00022983481,0.000291433,2755.075915838892,0.015911192,0.006278929,0.06450750435034802,0.008874828206577484
-310.4579,17.274652,154.83755,14.508232,-47.02204,5.4112587,57.381664,6.7564893,-32.814003,7.7449164,34.34921,7.20627,-21.683247,5.35045,20.347828,4.8083825,-13.239432,4.6387134,3.2964284,4.606501,-2.3333218,4.046883,-6.2709956,4.0285735,6.963407,3.5313764,1650.1770166137187,208.30878920147276,1792.8479171481233,140.78581753451087,0.00050777465,0.0018030938,3556.575709650522,0.013664381,0.004950382,0.08304406540023201,0.014501244263725548
-310.40604,18.731066,172.58345,11.213787,-35.940063,5.4607816,44.153896,5.3577056,-26.921904,7.5106072,18.190187,6.0866413,-14.832646,4.9589033,10.147854,4.6403885,-12.750614,4.8049874,-1.1109526,4.2890987,-0.61303884,3.7613354,-5.2779927,3.5210652,4.791829,3.5016007,1256.0481537455328,116.25397459384956,1480.8390562841284,126.81690011711666,0.00018565873,0.00016970468,2568.7462614196634,0.016604561,0.0058958614,0.061740954901392114,0.007571162560069858
-326.2367,18.667578,157.83824,12.273582,-36.81546,6.9185886,52.13167,7.571492,-24.147312,8.833942,29.383425,7.0703917,-13.734733,5.5012074,19.559507,5.3235207,-8.249278,5.009031,4.4237742,4.9299097,0.34330505,3.7942057,-5.3638897,3.5786932,5.4953594,4.090089,1448.3087947059616,158.08293174791535,1692.9855420837127,138.18090722780104,0.0002857945,0.00035830107,3129.908529401102,0.012703229,0.0035923917,0.06671666545823667,0.01085386251983825
-317.9092,15.632522,176.93565,11.601824,-42.412407,5.9781575,50.338116,5.7425566,-32.238365,6.1913605,23.207066,6.1019487,-18.307674,4.7962804,14.616692,4.728383,-14.102746,4.9251227,2.216813,4.3495035,1.0320463,3.823765,-4.0420437,4.1811934,7.1396103,3.8882515,1285.1669555256676,135.40707640542172,1512.6848873766733,132.32791102791566,0.0002153733,0.00039077032,2659.375566451566,0.015598531,0.0043754517,0.06164579103828306,0.008304576852401024
-322.85263,24.25671,144.90608,9.626683,-72.03854,14.75056,53.267593,7.030167,-42.855724,5.14765,34.731255,4.5161557,-25.249556,4.9286942,20.211447,4.443725,-15.13492,4.150041,3.4184475,3.5177958,-2.3802345,4.042717,-5.229618,4.2261024,7.9108667,4.583015,1998.5132803462016,200.05477190281994,1785.277479572733,79.76326432278786,0.00087333313,0.001022544,3954.540279237964,0.008659924,0.0021078768,0.12907958417923435,0.026703100674628603
-316.0538,16.536417,160.21399,12.813107,-41.437992,5.490238,37.9488,5.4881997,-38.481342,5.6461406,19.075438,6.2243795,-21.542688,4.812727,12.21426,4.549655,-17.378046,4.4421296,-2.1028736,4.281375,-1.1063322,4.3227487,-0.13748154,4.287154,8.909931,4.230374,1503.2005317633332,191.836926422425,1636.4193406622164,142.0207548552522,0.00032233266,0.00069730275,3057.5649606656034,0.013945922,0.0049707405,0.07875829285092807,0.012115488988214384
-360.80756,9.78114,155.93097,6.713183,-58.30969,7.74147,52.60574,7.937685,-46.89335,6.0440063,38.505756,5.2825,-26.633936,5.358002,24.109507,5.4435854,-15.717245,4.4255357,6.962764,4.8178315,3.1711552,4.190915,3.6965337,4.639965,13.555798,4.2766066,1782.485343303369,142.54293193477676,1826.2124189565152,89.66029883509928,0.00047489253,0.00087784464,3778.9022848390373,0.008692616,0.00079233747,0.08597941741589327,0.009465080980177632
-313.28937,19.307032,174.97845,11.746163,-42.596767,5.075542,50.86135,5.4784336,-32.69134,7.8857207,23.373854,6.7196746,-18.736065,5.438203,13.412656,4.458572,-12.730581,5.034616,0.73040813,4.329405,0.09266528,3.9787965,-4.628908,3.7225668,6.480849,3.588688,1304.0496529128825,126.22744073480406,1522.3044802630984,124.46601134339933,0.00022029552,0.0003247558,2705.164848734774,0.016194092,0.00554792,0.06435796113689095,0.009018428971494519
-341.70343,7.480004,157.3154,5.335213,-50.802032,6.7047906,54.208717,5.85152,-43.881573,5.4995275,40.02853,4.944271,-25.852024,4.6749415,26.997395,4.949951,-10.657442,4.319889,8.826522,4.3131747,-2.7582846,4.285489,-6.121731,3.901367,6.6538935,4.384756,1730.2393935292255,123.20840277655921,1862.4169868263284,82.49014051682764,0.00043021954,0.0004130263,3800.7602346468966,0.010138015,0.001159853,0.08744879277842227,0.009866137204102426
-310.54205,17.05569,160.60281,12.86347,-37.77262,5.8717766,35.80013,5.8269916,-35.92656,6.1457257,14.936722,5.673172,-18.933075,5.167817,13.957669,5.146396,-11.903345,5.2277236,-0.73392373,4.8288426,-4.179846,4.433796,-7.5777216,4.2145925,5.435191,4.0713434,1441.6147286632659,180.1030954835257,1596.33855706326,141.5701868159458,0.0002661605,0.00034219143,2903.4851499057427,0.015352966,0.0059689153,0.075674530524942,0.011825368036259474
-344.76855,9.612006,160.51369,6.8893065,-58.063797,6.76115,53.716076,6.7768474,-47.867233,5.18357,40.085148,5.24825,-28.517769,4.575183,24.902863,5.07488,-16.686281,4.365671,5.1438107,4.383884,2.3211668,4.3921924,3.5257435,4.6403246,13.758427,3.8533916,1745.2104888315357,135.32873988417575,1816.5723463876295,79.9742665696077,0.0005029838,0.001298077,3714.102831351508,0.009754715,0.0011793518,0.09211975239269142,0.010851944334944793
-308.93582,24.691456,150.2951,18.172464,-57.51917,7.007046,50.93082,8.79766,-42.795544,8.322328,23.544977,5.6307445,-28.811644,4.9961224,15.765165,4.7164583,-19.315817,5.0028625,3.32876,4.8463917,-4.234577,4.49968,-7.668857,4.014243,7.650973,3.8229907,1809.808596226962,290.9114761315126,1769.8323763922908,158.5165838706833,0.0005745671,0.00041178678,3654.424383247535,0.013138092,0.006312833,0.10540644032772621,0.025121308469706376
-334.70657,10.388896,154.2639,6.913837,-46.930637,7.094426,53.949272,5.7119365,-29.503172,6.0303063,41.889835,5.461267,-12.427728,5.244935,23.215244,4.838864,-11.9431925,4.918813,3.2306125,4.352164,-0.3633061,4.0482616,-2.5292397,4.2524023,8.731067,4.269244,1608.0507709573465,149.28450343433175,1783.700754545788,88.29660677023313,0.00038774367,0.00034222356,3499.770020664153,0.010511655,0.0014131858,0.07639392401392112,0.014004441353800641
-309.83908,14.2107,172.92673,11.398007,-43.201935,5.407881,45.37045,4.6156583,-34.66953,5.812712,24.1118,6.387591,-15.984046,5.290876,13.749948,4.7554803,-14.686215,4.608106,-0.3842125,3.863116,-0.7592273,3.6918607,-2.347332,4.1584363,7.772303,3.848227,1343.8075128299474,148.04206104937137,1534.0050859529192,124.53055186514416,0.00024925894,0.0005072634,2744.6590414733178,0.015979435,0.0051055574,0.06840242531902552,0.011012502245507757
-341.43744,9.699217,157.56761,6.124275,-56.56111,7.696009,53.51328,6.019971,-42.80695,5.8791714,43.677856,5.4187427,-25.225044,5.1305285,26.190844,5.0736756,-14.537005,4.6438646,3.5357594,4.5354104,-2.9283717,4.2266235,-0.22165838,4.3180127,13.90707,4.178346,1747.4658381497864,119.74404472895792,1844.551856281232,87.32766278064089,0.00047871505,0.000663174,3792.991294772332,0.009834759,0.0012526921,0.08888531395011601,0.0112373725599894
-312.72012,15.52391,158.53944,12.147004,-39.912712,5.8412905,50.42668,7.399588,-41.32267,5.987796,25.566544,5.685776,-26.40935,4.3384266,17.247223,4.9518466,-19.05876,4.4255943,-1.3727705,4.7281075,0.2866209,4.8420587,-1.6080328,4.32941,7.5094347,4.2561255,1582.0033558333155,182.1509131132547,1766.9875153751004,132.3512415294397,0.0004002915,0.0015329887,3403.245314312645,0.014455003,0.0039741164,0.07623305176914154,0.012465946037016907
-336.77948,8.717229,169.77094,6.1121306,-54.014076,5.193821,64.774,5.273229,-36.34742,5.117411,42.461918,4.857959,-23.532568,4.2045417,22.690065,4.9599023,-13.495395,4.114664,6.6499467,4.525087,0.5698214,3.9966269,-3.3799164,3.8652995,7.8667502,3.5826502,1520.0083086855332,115.9471818725491,1732.2379439868992,85.37876932042535,0.00035968528,0.0002927022,3307.9446531503772,0.010912131,0.0013219317,0.072767501087587,0.010051015454994991
-318.172,20.94201,152.5335,14.414796,-30.323204,6.7140064,39.9005,6.759665,-32.249702,6.5766745,19.736084,6.408789,-19.473158,4.6262546,12.731938,4.6347694,-11.891512,5.302811,3.5633395,5.0939245,0.011960855,4.5859475,-5.1445613,3.9968708,1.7073392,3.5708318,1504.2142720136235,182.72173534797147,1718.4946603690962,166.41532727253724,0.00032940658,0.0010815582,3211.99449862239,0.014232529,0.005642859,0.06961803037993039,0.008321419286432328
-327.63696,10.953803,163.07794,8.274469,-49.962307,7.1670027,50.69155,6.7141685,-32.229565,6.0012703,36.732292,5.3887467,-17.001812,5.1853147,19.422018,4.915079,-12.276733,4.0272913,2.3188,4.111955,-2.4084985,4.361972,-5.034379,3.9961584,7.3935547,3.7969112,1547.989602116548,146.68198478901007,1696.02560298919,112.29613386538065,0.00043361908,0.0008404079,3246.8173352305685,0.010677492,0.0017421067,0.08033642691415313,0.010698104034758722
-310.59973,16.995794,164.1928,11.622933,-41.64289,6.489158,36.547195,5.5107336,-41.491535,5.242417,16.409111,5.657949,-23.637108,4.720204,13.659644,5.0081983,-16.080715,5.052679,-1.0051187,4.956771,-3.4935489,4.773031,-3.595848,4.4977574,8.911602,4.3230553,1455.292660183661,169.0917436556481,1609.4478071788515,135.18389014943855,0.00027205146,0.00050884247,2925.9426320511893,0.015553941,0.0057326015,0.07453482997389792,0.010872311345465015
-317.8185,10.499814,192.50076,7.2413716,-48.259907,4.6324663,49.03005,3.931042,-44.478703,4.6524124,23.399706,3.9817028,-20.13091,5.2297525,21.968597,4.255195,-9.652699,3.7913203,4.6797724,3.5469859,1.7686566,3.5060487,-3.9877017,3.3380935,7.6482778,3.3719866,1202.493181094699,77.63907241317199,1413.074947665707,74.07966547177615,0.00017787074,0.000510741,2356.861541110789,0.016311292,0.0027319423,0.06351734701276102,0.008002395979686277
-313.342,15.056434,171.55847,10.219601,-40.2764,5.810029,49.123936,5.7968836,-30.966137,6.8508267,22.362276,5.669601,-18.858318,4.3851943,11.499954,4.369673,-13.752488,4.050028,0.750266,3.8747327,-0.029190063,3.8952668,-3.9662583,3.7620058,6.0594187,3.2924702,1332.6028676500655,121.32394479674902,1547.6637777073174,114.83827843335763,0.00025368607,0.00053132366,2765.7176148310614,0.015089887,0.004656326,0.06529827073665893,0.008499843859887122
-289.6975,8.534708,150.73972,8.19763,-71.734505,6.0492463,47.90598,4.305113,-60.233353,3.6641872,23.369728,3.8206477,-35.46872,4.6502905,14.770818,4.1866207,-17.390062,3.7531507,2.7971587,4.1186337,-3.5684774,3.8480482,-4.352213,3.644559,6.362786,3.5727959,1907.321003837118,142.5184754705083,1763.5076107171526,49.4292943646248,0.0005663501,0.0011826948,3871.7298751087587,0.014039947,0.0026035842,0.11468604988399073,0.015003352830450437
-310.49533,15.1977825,173.67393,10.915565,-42.86157,4.876409,50.08292,5.186933,-32.494614,6.212696,23.56503,5.7503424,-17.778957,4.511064,13.969198,4.1690536,-13.47048,4.688794,1.3771267,4.1153517,-0.5491673,3.9191957,-4.6237073,3.8977606,6.361285,3.673286,1326.0160403170098,131.400034462453,1537.695672218428,117.63462086993253,0.00029519084,0.0013420361,2755.450623549884,0.01593059,0.004718999,0.06502297527552205,0.007930213004462054
-312.60934,6.7953424,186.83832,5.9611907,-51.102592,3.8630354,47.03214,4.046536,-41.23829,3.829382,22.336914,3.7332633,-18.383068,4.5500197,18.01726,3.4029949,-10.209569,3.478891,2.8347619,3.4847405,1.2143369,3.2903259,-4.1295,3.3463445,7.143363,3.229109,1265.4704036665019,73.62516648211715,1432.1024052246664,56.31457966138401,0.00023303076,0.00076917105,2521.0584600674306,0.015079997,0.0021269885,0.06770568989269142,0.0067063902064852
-315.53156,15.3448925,175.80133,9.700597,-42.114246,5.431365,48.003063,4.7747073,-31.462343,6.6169815,22.685995,6.1378813,-18.479725,5.006793,12.6282215,4.3064127,-14.203264,4.619441,0.5690182,4.6923275,-0.091782644,4.074897,-3.7235615,3.7861383,6.456729,3.268834,1292.2326771697694,122.45788280412808,1506.7414836350215,116.43051171500832,0.00022536478,0.0004833778,2644.6620436666185,0.015540406,0.0048530432,0.0632885005800464,0.008282536952946305
-298.99936,6.557719,179.1712,7.8744264,-56.064213,5.2811694,51.740883,3.9791362,-49.781387,4.1115785,23.184671,4.6069202,-24.167511,4.7448177,15.1470375,3.9655147,-11.099237,3.665295,3.8159945,3.1276708,-1.2523617,3.2031188,-4.837017,3.3662155,5.80871,3.2817209,1428.345509639765,118.67797932858115,1538.9398016951902,85.72070402353101,0.00032572102,0.0011282741,2941.9551415675755,0.015847357,0.0027218584,0.07716089943445475,0.00955960633564839
-322.15918,20.216541,170.78395,12.584841,-37.560444,6.699184,48.53598,6.2331357,-30.495264,6.9789505,22.227419,6.338414,-16.71521,5.90586,14.508104,5.0236526,-13.507676,5.2880726,0.39189193,4.9250984,-1.1755038,4.44038,-5.023031,4.266098,6.773818,3.6323447,1308.3246902531318,144.77552734331945,1548.0636241640648,136.4232781599525,0.00020504855,0.00022759837,2715.4568205300175,0.015544327,0.0056702034,0.05991471505220418,0.00900688841626929
-302.84103,21.879663,175.7735,8.407595,-61.127666,5.9676147,47.041527,6.0705166,-47.868202,5.2302628,22.65543,5.2169423,-25.228561,6.7243843,18.665594,3.6292603,-14.439218,5.8632507,4.1841397,3.9965568,3.0231807,3.8333192,-4.5012574,4.425772,8.358554,3.7591078,1484.568061493419,145.79421178585838,1544.8882309871578,98.12883645774514,0.00027034903,0.0002538796,2941.5054923143853,0.015192125,0.0035585826,0.08197007323085846,0.011546827277764134
-320.20673,11.677154,158.34483,8.827944,-38.20378,5.9719114,50.179714,5.753935,-25.864244,6.6798825,28.899656,6.0464926,-16.785574,5.8452272,13.317614,5.0008507,-12.001332,4.7746167,1.2097156,4.115169,-0.26626572,4.003251,-4.2627087,3.8230011,7.0950584,3.5754828,1477.121757674497,146.92741046560084,1686.1526281049066,112.95328854913814,0.0003295003,0.0003903789,3162.0834315182715,0.012460563,0.0036616356,0.07229054886890951,0.01024337771296475
-307.41785,7.402148,186.60558,6.150782,-51.739407,4.1073823,48.059753,3.6274505,-43.05244,4.1885314,23.347242,4.173441,-18.76449,4.593362,17.949572,3.5638738,-10.387712,3.6406164,2.7772305,3.215011,1.6290306,3.241488,-4.5795684,3.1749609,6.3370357,3.3989046,1281.4290815578977,79.3937324967422,1441.7345746551882,56.98321062915643,0.00019379193,0.00024685377,2557.3551470055104,0.016050387,0.0026180851,0.06820303436774942,0.006866047454181604
-317.32257,12.374519,156.67802,10.414547,-40.094006,6.414225,50.590794,5.775572,-26.029716,6.866134,30.338816,6.4228644,-15.579757,5.773991,15.819719,5.2105484,-9.260154,4.4093733,2.5159206,4.10431,0.03875252,4.377829,-5.0932174,3.9821413,6.060378,3.5866685,1508.325557978876,160.7440004143781,1702.4652927090399,125.2863876627293,0.00035109976,0.00048025814,3232.2037345018853,0.012478873,0.0037491913,0.07413491516821345,0.01072547176019486
-313.52756,8.205191,190.47891,6.227145,-54.809544,3.8782206,51.21751,4.1762075,-45.025494,4.350439,24.787504,3.9918625,-21.491404,4.049009,18.681284,3.6264174,-11.910164,3.6767507,3.9519296,3.6314955,1.9177057,3.457223,-3.4621794,3.1767058,7.917017,3.2132914,1267.1155287943216,71.72518389530265,1435.123539805018,57.86706784612166,0.00021149348,0.0005551546,2529.951523074971,0.015612023,0.002397113,0.06755161506670533,0.007069668842424275
-304.80475,12.1348715,126.22073,12.5118475,-70.11937,5.639603,65.16275,7.4147787,-42.532898,7.9246063,29.664429,6.0364585,-21.56067,5.5480747,21.713312,5.2544503,-15.280145,4.8832045,0.839596,4.2012267,-4.3621984,4.77667,-9.667563,3.9471197,9.152854,3.509225,2298.6267736430777,240.39509861815293,1856.4749638727744,86.92362105381491,0.0011819917,0.0029503023,4394.522073484629,0.009637494,0.0028420018,0.16526224441705337,0.02815661300584818
-308.1221,7.8947535,185.34665,6.3067493,-49.40352,4.827886,46.908283,3.8805847,-40.84291,4.503609,21.272041,4.408234,-18.133125,4.8725877,16.978476,3.8574371,-9.232126,3.6318593,3.2328813,3.3230708,1.5967596,3.3916278,-4.4031343,3.3899577,6.6170006,3.3033812,1266.5261333055125,83.01425703970149,1433.854974744345,57.98114655175907,0.0001934679,0.00030874656,2526.1544849369197,0.01600924,0.0028462748,0.06759013377320186,0.0070091527481163434
-326.68903,11.302247,156.94559,9.910163,-53.29505,6.4116488,47.867374,6.036991,-41.78627,6.3860426,35.620872,6.584412,-23.090755,6.0687375,23.936584,5.3847547,-13.730826,5.1213164,1.6908346,4.669685,-4.4357395,4.4135485,-3.8194761,4.3396254,12.028218,4.746429,1704.9812178409734,165.66782826891523,1784.2458357774628,111.65812618984813,0.00042975435,0.0004056771,3584.4040023201856,0.011154424,0.0025201736,0.09112619634570766,0.010664842246765137
-311.04626,8.099431,178.03221,7.394107,-52.67997,5.517215,45.35023,3.890012,-52.7559,3.6481216,21.796427,4.119815,-27.932375,4.7965956,21.607292,4.3471646,-14.014631,4.038795,2.0584307,3.6409624,0.880981,3.4504542,-6.7157774,3.5992484,1.6580462,3.4169083,1408.1091838200116,105.65467967573694,1559.114567804126,68.21829710714164,0.00023664664,0.0004216391,2792.7964920787413,0.015759928,0.0028382265,0.07198579792633411,0.008210404981199898
-327.41183,12.892929,156.63055,9.370506,-40.808224,7.7379775,49.457096,6.6180277,-27.010153,7.7011786,33.18957,6.2231827,-15.577124,6.034098,17.669243,5.4283867,-10.466491,5.10936,4.1752377,4.5767975,1.6788912,4.7709126,-3.4968529,4.69252,8.459745,4.148845,1506.4121531600472,158.96966375910532,1721.5337557264306,112.93963638001188,0.00035802173,0.00065285544,3233.452760205191,0.011928558,0.0031842706,0.07189856438515081,0.014384364846183184
-293.8929,10.425519,170.17648,7.4415593,-74.839134,8.124181,45.20979,5.241279,-53.575787,4.705355,21.08355,4.489242,-32.91748,4.381257,13.094632,4.031785,-15.955538,4.0477743,2.096422,3.7266626,-2.9775095,4.101738,-7.151966,3.5946496,4.0889754,3.533557,1615.8281333302439,122.31109467070065,1555.7656194224833,55.669434394005,0.00037165624,0.0008776128,3130.4331201964906,0.0151233375,0.002565082,0.09446939348897912,0.013474281788510824
-323.00552,12.401363,155.28426,9.327809,-45.347466,6.404276,52.632713,6.8034906,-39.289696,6.4277425,32.967144,6.3757677,-24.851082,5.3684225,18.278372,5.5535827,-14.826985,5.1498775,4.119044,4.4106927,0.4556658,4.430426,-1.2014664,4.583845,10.726525,4.367155,1657.4545182640354,150.91323515909068,1811.7391517166898,103.74224409032895,0.00037809895,0.0005957641,3605.9621859592517,0.0123877935,0.0029968289,0.07805589290893271,0.010330853654012349
-290.65573,8.555064,156.94287,11.819483,-64.653534,6.4679275,52.313587,4.817017,-66.03858,4.2097197,25.084547,5.3345222,-34.704166,5.240965,23.455162,5.228511,-18.737629,4.283975,0.032317016,3.909988,-4.0093117,3.9630713,-7.8509693,3.9129303,9.651393,4.2190285,1845.254738183563,220.20077773262022,1794.9775954460683,101.93897207610685,0.00040391964,0.00069048046,3836.8820579865137,0.015310918,0.003178263,0.11565354915893271,0.0249116869663024
-312.0586,11.711362,148.29317,10.693119,-49.187073,6.1251793,58.259438,6.417715,-32.892838,6.4655685,39.427845,6.1196475,-20.11518,6.3766446,23.980976,5.852001,-11.486189,4.7572355,5.710107,4.2255526,-0.2614301,4.01935,-4.7923017,3.6476235,7.139823,3.872497,1775.9162207962718,175.92821682830592,1876.3066074069916,108.25663208286622,0.0005444031,0.0009945793,3872.42932950261,0.0120155085,0.0032661983,0.09196114595417633,0.013857547653371693
-315.2191,9.789458,188.05884,8.071051,-45.921192,4.892191,47.129723,3.9998794,-41.818314,4.159825,21.36362,4.44408,-17.734121,4.934776,20.598503,4.351266,-8.580017,4.003612,4.6584086,3.8137653,3.375007,3.85581,-2.7882,3.4132068,7.939044,3.3127036,1217.5863137412741,91.8105077335778,1424.3673433297788,77.767365764779,0.0001798432,0.00038540113,2416.240223045969,0.016246961,0.0032336721,0.06281607997389792,0.007111987076916709
-324.22195,12.1735115,154.77144,8.568857,-47.94902,7.0328245,52.21957,6.367574,-37.838676,6.5696664,38.366062,7.2809033,-24.18375,5.5679765,20.714003,4.8555255,-16.94247,4.7082334,3.379357,4.134063,-3.374791,4.0761304,-5.488651,3.9351974,5.550651,4.0730934,1717.579910929433,143.24608959571512,1850.9954213646097,103.24462154096628,0.0004969542,0.0009454576,3740.7320593459976,0.011156324,0.0025641788,0.08673393090197216,0.011794371416702724
-306.0551,10.034119,185.04533,7.6036716,-48.896725,4.3693867,47.040222,3.5963562,-42.221577,4.8340187,20.152267,4.5364685,-19.150726,5.743329,16.619286,4.4375,-9.780937,3.7418797,2.4555392,3.3705745,1.6501926,3.5553248,-4.163078,3.3635688,6.260667,3.3444703,1268.706934284264,93.75268472105252,1436.0833477045385,76.26760411449233,0.00018034397,0.00016538703,2526.4542511057134,0.016772056,0.003832422,0.0670021570475638,0.007063585344516368
-320.14566,11.514723,152.25542,9.460764,-48.183434,6.9714108,60.133892,5.747756,-30.841494,6.4425135,39.902058,6.0579042,-19.988241,5.421488,23.663649,5.093185,-11.68629,4.6745467,6.053846,4.154217,0.46865094,3.8505728,-3.6637356,4.056206,8.399626,4.028651,1688.9766183843903,146.29295205163012,1846.2313403198334,101.13624780503386,0.00050293433,0.0011633375,3703.136385676479,0.011803964,0.002449179,0.08219098934164733,0.012075125507731694
-312.04282,11.465822,177.45969,8.936718,-51.168133,5.2848434,38.210438,4.311032,-48.531258,4.626209,18.58927,4.3978486,-24.699232,5.083908,18.3363,4.653034,-16.012766,4.347349,-0.30837008,3.7013855,-1.8322966,3.6029685,-1.6329292,3.7057216,8.632493,3.9373236,1380.6720074502446,115.55688889625104,1509.8914241405844,84.25657100774131,0.00025982683,0.0008421257,2653.130437935035,0.015441067,0.0037129663,0.07373839907192575,0.008317088576872462
-319.68677,12.073312,160.64638,8.748357,-43.57815,6.7480125,52.0603,6.3440266,-27.576666,6.633224,31.36236,6.1582055,-16.781137,5.054509,17.629776,5.6265416,-12.188382,4.7756524,2.7206357,4.54843,-0.47664052,3.873052,-5.394402,4.28171,6.416095,3.6295245,1495.1630987793278,137.24492410152757,1687.2642381958296,109.33023208979876,0.0003832862,0.00093338796,3164.731366009281,0.012325203,0.0030841408,0.073721405524942,0.01027203963472532
-381.01343,5.052862,178.72086,4.368091,-37.702385,3.3774433,53.38973,3.335847,-30.50821,3.308485,40.422935,3.430315,-9.874916,3.7149453,22.331846,3.5546627,-9.857438,3.3537612,2.6859524,3.1015007,-0.058045797,3.041916,1.0208527,3.339741,9.037574,3.3301213,1188.7834818109939,77.28458838587927,1547.589519985995,70.31933495512104,0.00018760755,0.00015516432,2471.796886329031,0.009573163,0.0007294367,0.051651319605568444,0.007728765139376565
-302.38675,10.203415,142.1579,7.9581747,-72.986725,6.049022,40.26216,4.779144,-44.498196,4.791537,27.610857,5.3841996,-31.279016,5.047832,11.907721,4.670292,-14.908133,4.56251,0.73859966,4.2088976,0.09538768,4.0664277,-6.294478,3.9921095,3.7302456,3.637301,1958.2379025439952,150.73732581444958,1739.1095365085623,71.21658868745877,0.00066611136,0.0004757252,3872.379368474478,0.010734124,0.0025543596,0.12508723354118328,0.014302387809565961
-374.52197,5.283175,189.80003,5.64972,-42.218334,4.4075804,52.367016,4.2602606,-28.788994,3.7936394,28.427076,3.833307,-18.432903,3.5817432,20.186308,3.410523,-1.4763803,3.1533873,8.623681,3.0802264,-1.9970111,2.9077659,-7.07889,2.9931345,3.3183143,3.1317022,1119.5030119047485,77.90171767516921,1413.9968423211162,81.2141709153857,0.00023410839,0.0010605886,2214.472610933875,0.009858507,0.000878487,0.052001386673433875,0.006506486878350947
-320.19547,13.245417,153.08716,10.613147,-45.9197,7.0252132,45.485226,6.3652925,-41.320786,6.1867075,28.814806,6.0112367,-22.270782,5.9687223,21.381327,5.8638234,-11.479525,5.6839733,4.9182453,4.903009,-4.0029016,4.7708225,-8.55494,4.0763865,4.0096884,4.0836167,1685.5969000136251,184.48168911766078,1792.6313346640993,125.83398093766405,0.0003839199,0.00019815221,3592.222903222883,0.012180099,0.0036032447,0.08719728828306264,0.012526277602492903
-372.82547,4.4757957,169.61823,3.8084319,-45.290756,3.663704,48.78127,4.063003,-45.656433,3.6470919,38.763096,3.2856157,-28.05213,3.4956362,26.789818,3.214266,-13.787267,3.29262,2.1204276,3.3633347,-2.9272492,3.0238204,2.9462364,3.0671775,13.837718,3.3142145,1536.3663815961684,62.93084123464362,1765.572623548294,51.517167837339144,0.00036714002,0.0005275601,3230.604981601653,0.008265935,0.00070303853,0.08201425645301624,0.007584011166311476
-318.94336,12.269882,155.14355,9.011394,-38.62123,6.778275,47.24236,6.146922,-24.441107,6.829265,29.030397,5.899359,-15.6390705,5.1346636,14.262682,4.7904763,-10.94374,4.605629,1.6592482,4.522185,0.14059551,4.663044,-4.2289248,4.003958,7.1496434,3.57301,1509.9476277283125,145.91336950685061,1701.0785670142416,114.3375832860731,0.00033068584,0.00021147908,3207.5979281467517,0.012074105,0.0033646426,0.07376332294083526,0.010302453527274874
-379.74774,5.137171,176.56305,5.0703363,-40.824036,3.5066621,49.27041,3.882634,-26.918589,3.548632,40.0641,3.9535043,-5.8220186,3.8019063,20.502874,3.4101622,-8.753002,3.325934,3.2764442,3.127654,-0.06729622,3.3033347,0.6704539,3.2232044,6.219143,3.2800212,1211.891946557081,91.21282144311685,1525.0743630402394,65.97712228581977,0.00024884532,0.0007438559,2480.115397513051,0.009306131,0.0015419101,0.05491068191705337,0.009977694700478495
-322.62134,11.8451,151.31447,9.766682,-48.48819,7.700219,43.769596,6.0477176,-38.97128,6.5600014,30.436136,6.228349,-23.028006,6.071296,20.435717,5.324647,-11.640353,5.385047,4.1711764,4.3561745,-3.8829515,3.8365598,-7.351932,3.9943,8.44854,4.2492485,1724.6986433267361,165.89900142141607,1795.916218456201,117.51623128812476,0.0005094438,0.0012364706,3626.621071091937,0.01119407,0.0028367317,0.09231121302204176,0.011102080646732987
-384.50815,4.1861672,157.81677,3.1779616,-22.671545,3.2452323,50.430237,3.4123085,-35.87035,3.149469,33.19451,3.3045368,-21.024511,3.1950994,21.140972,3.3883688,-9.02926,3.1094909,7.564926,3.0039968,4.8413663,3.2700384,4.8779783,3.512495,9.450493,3.409368,1385.8366582433157,72.34699920489435,1796.7188078229065,56.32178825664411,0.00019147535,0.00021642842,3173.1997602776974,0.010386392,0.0016618384,0.05236051696635731,0.005798034424652878
-330.37903,11.292665,158.98917,9.385156,-45.91341,6.9467616,49.898327,6.634949,-31.469934,7.288243,35.21595,6.7060027,-14.730082,5.6943645,19.687706,5.4086556,-12.613608,5.0967765,1.3513455,5.0507874,-2.232395,4.3125877,-4.5145907,4.147304,7.885108,4.197474,1536.3124021352833,148.43642024072122,1710.9900745294553,109.07216080589487,0.00032857613,0.00028587555,3266.476999800609,0.011594951,0.0026111605,0.07272671657482599,0.013590400319784786
-338.4301,9.543852,151.27766,5.2062845,-83.94293,5.748559,52.01228,4.5545535,-37.49551,4.62608,41.533688,3.6875803,-26.954157,4.077194,18.843477,3.9799316,-13.2290325,3.0913117,5.61423,3.943596,5.578995,3.2820134,-0.14990789,3.4708676,6.1159368,3.6746385,1918.02587222319,91.39467636436301,1673.1851584916867,52.530413206387,0.0007223481,0.0009497547,3641.6093795316124,0.0078052566,0.0009170353,0.13014111441415313,0.012849354463562597
-323.01605,13.283671,156.68558,10.358818,-49.188614,7.0635214,45.600796,5.8841853,-41.29184,6.6736383,32.143517,6.6364093,-24.072437,6.1563864,22.299936,5.2117834,-13.213282,4.6303315,4.6727443,4.43497,-4.212757,4.2791133,-6.359172,4.338418,7.941309,4.120077,1675.2375185735634,169.0999220136829,1784.4786083163308,110.97584144922618,0.00044691964,0.00083137717,3516.132257377465,0.0117695425,0.0032898858,0.08909943264211137,0.010480161916438559
-376.5669,3.6635027,167.4556,3.4155354,-36.615475,3.8955717,47.06252,3.7765946,-42.731697,3.3604088,36.878723,3.3976293,-27.19958,3.4451087,27.594164,3.0539243,-6.6622276,3.0848064,9.4437895,3.0047483,-4.28599,3.0841498,-5.4744835,3.1465998,9.068985,3.0610468,1464.311832698495,59.615904305894865,1769.4851564110045,49.87054528278639,0.00029176267,0.0005554745,3092.137992133121,0.0090684015,0.00090222864,0.07222937209976799,0.006346550445885176
-323.33115,10.59301,166.26189,8.552517,-48.17306,6.1790366,56.765896,6.1237464,-32.53611,5.8673215,33.703514,5.949651,-21.315704,5.1426034,17.826868,5.322917,-14.21744,4.5779533,2.3562458,4.4193068,-1.1757536,4.3114653,-4.2535133,3.8273041,7.51941,3.6821988,1496.4632116719306,136.01706898734628,1679.4213347062594,103.19114230249234,0.00034299752,0.00048120043,3168.378521062935,0.012127712,0.0024074102,0.07505143380220418,0.009977102066628293
-369.39627,3.9156127,182.80612,4.488714,-48.882996,4.093308,61.885426,3.9518378,-28.876469,3.6090643,34.799778,3.2540839,-15.317695,3.0477607,17.922655,3.1653445,-6.203583,3.022513,4.685211,2.8525863,0.23129615,3.118849,-5.5573735,3.151048,3.0176156,2.8703706,1213.3475098343706,67.55806182652914,1495.5992856319585,52.16595334807651,0.00027616983,0.0012163743,2600.7962609665024,0.009766791,0.00083667197,0.05428985100058004,0.006951533869190967
-319.80713,12.154929,162.29071,9.805138,-43.89818,5.87888,54.546715,6.1253567,-29.879704,7.160243,32.975918,5.8907456,-19.615248,5.594199,17.173492,5.1764836,-12.166457,4.7585874,2.6480854,4.3661385,-0.8305329,4.006681,-5.0660224,3.845467,7.140891,3.8083074,1500.997515665748,158.96097850944128,1700.8148215349966,121.76096962289155,0.00036337215,0.00083408953,3212.9437581569027,0.012721117,0.0031363715,0.07238344692575406,0.009727681304675774
-372.8983,3.7118878,157.47963,3.9719625,-30.632042,3.6459339,54.676815,3.546514,-42.688225,3.4603693,33.019924,3.172833,-21.446648,3.5250235,23.76046,2.9844131,-6.777412,3.2790344,18.209743,3.2903287,0.7058003,3.0334156,-6.9232817,3.300535,1.8241298,2.8697057,1533.4839225754372,76.33906761612252,1853.7671680798103,51.8726254326834,0.00030672367,0.0005625939,3562.121383773202,0.009437672,0.0011064252,0.06663622933584687,0.006803304320732009
-323.0688,11.981142,163.90625,8.914203,-47.273182,7.081853,55.209225,6.5558863,-29.275576,6.862723,34.19321,6.4543543,-19.524267,5.499211,17.183882,5.012441,-13.156044,4.460799,3.0493815,4.3555217,-0.15642871,4.5594487,-3.4421577,3.7870703,8.10974,3.8091102,1498.5778483392533,146.4403735484923,1682.8450246826505,116.7384225308411,0.00038540273,0.0011739713,3168.0287938660094,0.011951263,0.0022986808,0.07436716031032482,0.009760219082655118
-381.32117,3.9869323,160.47194,3.2992864,-23.345116,3.7367454,42.20296,3.4195108,-41.378815,3.5603437,30.596247,3.2921393,-24.36901,3.0472991,21.099773,3.0526311,-5.9155045,3.2273545,12.768755,2.960878,6.4305987,3.2420778,2.5902052,2.9899185,3.9926984,2.867783,1420.673482188082,63.20286781381204,1778.7369454799052,51.14852285871901,0.00023932432,0.00038928108,3097.383900087007,0.00953767,0.0014800713,0.06531413138051044,0.004750152189778624
-312.85318,12.677006,154.35841,8.012635,-41.579937,6.567634,49.239624,5.3479657,-27.82395,6.5639806,29.651972,5.7179174,-17.829058,4.7654757,14.819215,4.715171,-11.076092,4.35628,-0.19559467,4.1809034,-3.1421802,4.2122765,-7.5895844,3.6474783,5.3883104,3.716678,1567.5649880668993,141.0836268825992,1726.4563019196673,107.0814577327338,0.00037263756,0.00021982845,3345.5653073339618,0.012243012,0.0037060094,0.07957738181554525,0.01141823476697323
-438.1292,51.74525,168.63515,19.833588,-46.549614,15.348114,55.765602,13.732814,-37.675694,9.866448,35.77172,9.002697,-20.558765,9.666321,28.198534,5.8470244,-4.227559,6.0880594,10.45384,3.8902748,-3.2312794,3.3081949,-7.1563344,3.893309,3.6378942,3.6054437,1505.9150019289289,578.832955015897,1667.5720187584222,190.8773990052327,0.00064779836,0.0021420238,3028.862350003625,0.0047444147,0.0024764151,0.08153277262180975,0.0629537305765562
-324.85324,12.27147,163.61572,8.541008,-45.33292,6.910671,53.882507,5.966876,-29.995567,6.260545,34.03338,5.844488,-18.686554,6.10819,18.222765,5.270943,-11.711464,4.4668293,3.6833167,4.714284,-1.0532683,4.246571,-5.98783,4.074879,5.6889343,4.1728897,1485.097825837891,136.69435635110813,1688.4606234436208,109.26076688221157,0.00032237257,0.00020596365,3161.6837432932134,0.011966672,0.0029538064,0.07201412050464037,0.010303006643251338
-377.86752,6.1490045,165.36273,4.887658,-46.35482,5.213268,48.154602,5.0248823,-41.955566,4.446934,43.958534,4.4821506,-23.196747,4.003975,27.785769,4.2497053,-12.655414,3.788871,3.2326298,3.6503992,-2.1140418,3.7473795,1.1621412,3.7599463,13.860991,3.6088095,1566.2689514962358,92.74420880544942,1788.4510691150592,66.86879003489929,0.0004102282,0.0007736768,3344.666008827581,0.0077721896,0.0007903885,0.08083943590487239,0.007583200155539972
-326.66678,11.376762,155.3442,8.887941,-51.06111,6.74125,46.02227,6.607338,-41.0145,6.1003513,30.330456,5.3899827,-25.085318,5.324851,18.766314,4.8156137,-16.273237,4.9769654,1.8193477,4.2640896,-0.27655092,4.614013,1.4371777,4.4067736,12.186997,4.368664,1701.6083312336002,159.20130416409486,1769.1366081541337,103.31828670906435,0.00047208936,0.0012725798,3537.265772277407,0.011131097,0.0023213513,0.09226589689675174,0.01001491982146858
-394.55325,8.055795,173.62134,6.717879,-32.620186,5.8932557,60.58834,5.634066,-23.070158,5.620725,40.689556,5.349233,-11.433164,5.994222,23.105923,4.9816327,-6.1433396,4.523426,9.413006,4.0086637,2.6905084,4.0065336,-6.139995,3.972751,5.329411,3.9585595,1149.755929083492,124.29945746731109,1588.952898059424,118.248915854994,0.000197875,0.00073633395,2549.0116553074245,0.009713892,0.0009386029,0.041318110136310905,0.010374541242565202
-339.19336,13.369387,160.68497,10.295813,-43.45094,7.481398,59.189903,7.4589477,-29.804499,7.2101026,38.095806,7.3038177,-17.8417,6.418399,22.936548,6.422178,-11.442166,4.856473,3.6987457,4.637446,-1.4219961,4.4553714,-6.5262365,4.0339327,6.2745004,4.1011133,1492.4779338819399,150.2182086435661,1744.3826278059046,122.2716314682052,0.0003432256,0.0011446377,3275.170218695621,0.011858282,0.0019411865,0.06496179850638051,0.009295519423625734
-341.0859,22.062588,152.80054,12.982835,-64.45471,5.672722,69.84695,7.037427,-40.2936,9.081625,39.075176,10.121867,-21.027727,7.31274,20.166714,5.6580358,-11.369263,4.1130757,7.626472,4.610157,1.1404101,4.947774,-3.0857584,4.021735,10.448899,4.413567,1901.7057217858323,366.6400165530417,1810.724121063376,221.36904282125826,0.0006719818,0.0007679866,3961.709686774942,0.00829266,0.0014705067,0.11663351036832946,0.035165533819293014
-321.28387,11.129818,164.30298,8.977513,-42.67732,6.8805084,52.799194,6.483251,-28.803835,6.612684,30.644201,6.518311,-19.17905,6.2012863,15.9330435,5.210226,-13.4152155,5.067353,2.5810106,4.5772805,-1.4714558,4.214282,-5.8336306,3.8759131,5.74576,4.162297,1460.24951789428,157.66998776549343,1669.4714974152964,132.6766156014688,0.00038839987,0.0013063579,3104.9030348209108,0.012428959,0.002618402,0.07146126377610208,0.009921748440519792
-322.3134,15.63408,169.22963,10.368465,-46.026627,6.0814233,56.57031,5.7559657,-32.87947,6.411847,31.752378,5.7207947,-19.818523,4.862878,17.165747,4.686137,-13.810782,4.572705,2.7557147,4.1085043,-0.34798473,4.0363903,-4.76088,3.6815622,6.778924,3.513486,1429.0907944231997,135.51290354789228,1643.2663154217425,117.96058900110923,0.0003701059,0.0013883979,3049.0466053690543,0.01300138,0.0033842183,0.06841035564095127,0.009687890227708764
-402.73193,10.266542,175.78665,7.287727,-25.736906,7.015429,52.267944,6.371165,-18.56333,6.3726315,39.206615,6.213895,-11.970352,6.2688107,17.678288,5.859186,-5.8635244,5.8178267,10.607674,5.1465907,3.7790616,4.857268,-4.652096,5.0675006,5.762891,4.9201903,1081.915363589779,147.03601879442127,1526.3752493478705,142.5020646756629,0.00014558893,0.00012346206,2229.9105686267403,0.009317004,0.0018550211,0.04412204538863109,0.014479291583610573
-313.5859,15.4116745,163.75928,10.408268,-40.911507,5.5527596,50.37849,6.077097,-29.359232,7.3287153,27.075783,5.7524614,-17.2467,4.928978,13.762846,4.7213745,-12.931631,4.6654096,1.9727186,4.5935354,-1.3028901,4.4102254,-5.537369,3.6486835,5.737919,3.477201,1438.489529158461,142.75852079842494,1641.0601690722578,118.8178225358479,0.0002926732,0.00032335886,3038.205062264356,0.013927254,0.0045052944,0.07100583671693736,0.009422648141290948
-376.77664,5.8259254,164.99478,4.626886,-40.926796,4.60855,47.896168,4.5215216,-40.730835,4.7438297,39.769924,4.32161,-27.030212,4.156911,24.282864,3.8915937,-10.349006,3.8048055,4.232129,3.6890512,-5.265767,3.5637228,-1.8872502,3.8188841,15.936156,3.542314,1533.925444917923,92.06820666310162,1782.25205909,71.70308380401777,0.00035156542,0.0006322341,3293.780701674884,0.008314473,0.0008273161,0.07835158062645012,0.007021449559626799
-317.1455,14.479649,153.68246,11.0304165,-45.277172,5.245803,45.69296,5.7692595,-39.101135,6.096315,25.480963,5.406077,-21.315355,5.0128093,19.822521,4.979317,-13.157682,4.9549704,-1.2282835,4.2626038,-5.9533477,3.9166334,-9.337346,3.8333356,4.4889483,4.092496,1646.6296189597574,166.37699121258692,1752.50234865861,112.04144132321686,0.00045719452,0.0013226074,3464.647417887181,0.01237412,0.0037709116,0.08636233867459396,0.01101888167279937
-376.35345,6.2247214,161.57997,3.9858403,-39.84468,5.20865,46.2692,4.6095605,-41.206932,4.057654,37.645073,4.372118,-24.588661,3.893583,25.187897,3.9384265,-8.184564,4.2065663,7.1629467,3.8765585,-4.0706763,4.000263,-4.8975725,3.839331,10.992067,3.748327,1539.935483579975,85.63053051376153,1782.459285072278,63.834110191645955,0.00029480856,0.00019772115,3311.566827689965,0.008741747,0.0011295404,0.07677118075696056,0.007197933550979238
-320.95126,16.020578,157.22731,11.364845,-42.817078,6.068585,46.007923,5.91157,-38.26027,6.227035,26.109612,6.1642656,-22.007875,4.9043083,17.03023,4.642399,-13.711252,5.1058407,4.290135,5.0238557,-2.0743024,4.3657737,-7.0256677,4.3646965,2.3232992,4.258156,1567.106642877226,163.52626064378003,1732.137668557543,119.2733387845279,0.00032518682,0.00048046195,3324.0321042089618,0.013116736,0.003488773,0.07312323267111369,0.009476634005764581
-365.29483,6.2001033,139.92209,4.3055334,-32.5332,5.0013947,61.909775,5.24406,-34.601337,4.0174665,30.444855,4.1941385,-25.359497,3.4465365,23.755915,4.1783905,-12.554599,3.9793248,-1.7405323,4.274454,6.875461,3.9092722,6.2553387,4.1739407,9.5376625,3.549391,1747.2893995168722,112.93200376355679,1947.7881875570465,60.97807794209811,0.00032154185,0.00037112177,4127.805124800609,0.010333137,0.0021105437,0.069322342662413,0.010062346641010555
-320.66037,17.381783,159.40918,13.844085,-46.962513,6.798232,40.361618,5.619239,-41.40439,7.34136,21.326979,7.3384075,-25.150515,5.4717875,14.18472,5.2425966,-16.171831,5.3121824,-1.0546902,4.647557,-2.4072614,4.838338,-1.4407572,5.202756,10.948218,4.691937,1572.247493355039,224.43958361901795,1666.8252108032248,156.63233801817776,0.00040905,0.0015176182,3207.1732594076275,0.013552293,0.005140505,0.08067289914443156,0.0130326938870606
-378.89435,5.8127403,172.61047,4.599737,-41.872345,4.888386,44.960964,5.1453476,-43.582096,4.489713,37.355682,4.3614564,-28.250626,4.3521886,23.407063,4.465821,-14.243814,3.8221238,4.2353635,3.7348666,1.2498606,3.9477987,6.7882485,3.8396168,14.65662,3.4915795,1442.9845631853316,81.88242199948819,1698.7044854634387,65.12108004970996,0.0002698199,0.0003712379,2876.9308634534514,0.008839832,0.0007369345,0.07421535129060325,0.0071339101843379705
-312.29712,17.141916,154.90036,12.660266,-40.17053,6.017141,50.121918,5.8934674,-37.302017,6.623581,23.097439,6.252599,-24.09347,5.1608577,15.327771,5.110357,-16.767061,4.651476,1.1464972,4.5588083,1.1954981,4.811161,-3.084249,4.535262,10.118937,4.6156073,1587.1229576087717,178.5057813747091,1750.1202933448108,136.79680420971468,0.0003848466,0.0011680635,3386.958019141531,0.014530613,0.0049101315,0.07533126087587007,0.010242397839733257
-379.92172,6.5344973,162.78171,5.1804786,-38.60902,4.999724,46.366337,5.0273137,-40.435417,4.2929425,39.485397,4.9407005,-24.590395,3.989169,24.61168,3.9351773,-11.627056,3.7388482,3.0111647,3.4919147,-4.9658203,3.6401916,-0.477285,3.6694233,15.012489,3.5938148,1535.5463980326128,103.44165477443168,1794.8819852834097,71.41590932792194,0.00037108766,0.0008922304,3304.4224006670534,0.008215999,0.0009210052,0.07593396534222738,0.008521841947039938
-371.01898,4.691144,181.3834,4.4502997,-50.249237,4.2468247,63.970512,3.9632525,-28.532524,3.9229887,38.259335,4.0364175,-15.613635,3.849945,18.046076,3.8965776,-9.458528,3.539446,4.909877,3.3533237,0.8229776,3.6430888,-5.509886,3.0312285,5.302041,3.4678688,1242.572860740897,69.61312293062552,1527.1156546229388,56.52623021420329,0.0002339084,0.00033285763,2685.9798139319896,0.009583838,0.00073600194,0.05462972194025522,0.006915624529654481
-416.074,19.81788,173.42615,11.881337,-20.518507,8.370298,48.356655,7.5610085,-16.124105,8.108727,35.177025,7.5032578,-8.073781,6.7282715,16.976328,5.927858,-5.124862,6.5708623,7.466408,5.283861,3.9006166,5.4412365,-4.234287,5.290304,4.9768786,5.2583947,1052.9319725115868,200.24348346229453,1492.261570354815,173.4568114795295,0.00015422484,0.00017417062,2167.659127573956,0.009079713,0.0031119557,0.03756140334976798,0.012877398095516168
-383.70538,6.069797,170.59175,4.5974402,-42.77824,4.861068,45.91921,4.8650093,-42.572083,4.2998,41.150223,4.068671,-27.248985,4.077386,24.275455,4.571164,-14.442226,4.0131555,2.5453937,3.874025,-0.7651564,3.7282214,4.947438,3.4907634,15.103375,3.6122882,1482.0546099824242,78.24668104758048,1731.2462225114862,63.60700725471938,0.00032377036,0.00047192804,3016.247190400232,0.00799528,0.0008283282,0.07760952907482599,0.007803951235480224
-354.94867,5.9248652,161.09975,5.0963683,-55.748814,4.3306327,63.23357,3.9087672,-35.76117,3.92098,50.388577,3.987257,-17.980051,3.6565886,26.758366,3.6210356,-14.862125,3.3947532,5.065875,3.3604517,0.28869748,3.059038,-1.2629633,3.245197,8.852398,3.1283896,1635.0188712098904,111.96623662117766,1814.7743266411958,64.45641899630198,0.0004671889,0.00068726443,3619.776410237819,0.008921844,0.0006843089,0.08065703850058005,0.010702130366446114
-349.33963,3.9647563,163.50792,4.4811068,-55.670685,3.1227937,69.967834,3.3489342,-39.156113,3.3387368,43.760956,3.6400044,-26.345547,3.1159332,23.426949,3.2787185,-14.549472,3.1592453,7.3809347,3.2546597,-1.2842824,3.272726,-2.275816,3.2209265,8.35334,3.1474679,1659.7876437433167,91.36508574692841,1830.062869180634,53.6523967658824,0.00048476286,0.00027128824,3687.2237982163574,0.008776649,0.0006659552,0.08318681119489559,0.009094062474618017
-392.26334,23.379847,170.62497,15.600769,-40.338764,5.694222,54.506393,11.230022,-25.904613,9.789265,45.11147,5.9949603,-12.33318,6.68898,22.340136,6.4138536,-5.947371,4.7154593,8.600189,3.7196882,0.35984752,3.98764,-7.513717,3.9438481,6.1566396,4.046966,1325.5278461289538,368.28074304763516,1612.8096551494664,246.92684074249854,0.00024737685,0.0004320883,2744.684021987384,0.008854889,0.0010757493,0.06285006706786543,0.021112151994638197
-370.22437,4.719488,183.6757,5.2666345,-49.699337,3.974324,64.17867,3.8711526,-30.57014,4.0522323,38.310154,4.2380085,-19.1434,4.106595,16.011873,4.3835664,-10.901963,3.765277,4.1997404,3.299438,1.6094197,3.0315614,-4.4872084,3.3792474,5.8255124,3.1051795,1243.2327070308288,93.43323531216663,1526.5450342038982,95.73254096203277,0.0002446271,0.00050041504,2670.9415444641822,0.009661646,0.000754303,0.05569238507830626,0.007059648576255084
-378.77994,5.946931,170.69446,3.849828,-45.34834,4.1346507,48.074535,4.1702933,-41.24603,4.148295,40.30632,4.147536,-29.172518,3.9592705,22.375906,4.0627003,-16.900183,3.4180415,2.9523551,3.9508412,0.78116184,3.8688374,5.987663,3.9303303,15.01674,3.879264,1491.6085631946833,75.46973469824994,1728.6062310725185,57.5772475852876,0.0003061749,0.00021972081,3025.9396298578886,0.008294293,0.00079127157,0.07701022331786543,0.007078582392567709
-374.84064,5.354904,162.57912,4.4227786,-37.242367,4.611247,44.230877,4.420204,-41.279438,3.949477,39.672215,3.7059815,-24.727547,3.7702386,26.712543,3.578093,-9.351473,3.633194,6.770465,3.4225898,-4.3238673,3.405435,-4.2461443,3.3477218,10.388547,3.291977,1544.909559039405,84.31209091016103,1815.2114323654348,64.61571247380515,0.0003487396,0.00057069573,3336.1226730169665,0.008543489,0.0010333903,0.07847280126160093,0.0071792576530973545
-375.3182,5.301136,184.03056,4.7661867,-46.320026,3.9593759,60.844143,3.7370842,-25.765549,4.0960836,35.954865,4.046059,-15.640916,4.1224823,16.033382,3.857488,-8.826328,3.6792686,4.643783,3.5378199,1.5027969,3.6267138,-5.2312255,3.430401,4.9455757,3.2976265,1174.2848394080606,77.29215091881248,1476.68094522268,73.36613288273591,0.00018676618,0.0001700745,2485.910876776392,0.009736578,0.0007233872,0.049955363616589324,0.006604213892544753
-393.1857,3.553963,201.03741,3.947993,-46.96139,4.0418897,56.343605,3.4678438,-23.328928,3.615998,27.976667,3.3642187,-8.465464,3.0679355,11.851694,3.121533,-2.2365482,2.9487553,0.65848,3.2263744,1.0722419,2.8385,-6.820025,2.8956115,2.7204833,2.9481523,987.8753638542214,48.50669066395443,1253.573204074599,42.890668970887624,0.000120297846,0.00027865413,1974.28496818808,0.009667738,0.00067474414,0.045735299448955914,0.0054052241468342125
-383.89877,3.5253403,190.97269,3.4161832,-47.836708,3.4874396,57.860165,3.2568066,-25.60618,2.914504,31.8915,2.9087963,-8.85451,2.9742963,14.715873,3.0501132,-2.1755474,2.9882646,1.8035028,2.9477339,0.49627584,2.983051,-7.7809424,2.7638419,2.8861494,2.734606,1089.4789105895106,55.13106293964247,1363.471153903277,33.42639278115622,0.00014867152,0.00015839394,2256.9644653603536,0.009594784,0.0007084313,0.04789008120649652,0.0065490091488559655
-454.38702,4.9848976,202.18608,5.219344,-7.601313,3.1847668,35.189003,3.6750226,-12.830139,3.5812187,20.973524,3.6543274,3.746935,3.75173,16.284382,3.4123192,3.6778047,3.1863236,6.527114,3.0099847,0.44637963,2.9565582,-5.129134,3.4804325,4.630775,3.4075906,674.9061164083637,67.64870636525643,1070.4504024467144,98.08715667086037,4.6576744e-05,0.00015094588,1125.2722366226799,0.009672072,0.0012888104,0.025469928219257542,0.007632874803130474
-347.03757,6.286117,150.69818,4.9917307,-57.887608,4.239057,70.59244,3.8697932,-35.7858,3.2028017,49.3634,3.2767975,-25.290062,3.23682,30.534193,2.9102051,-9.559901,3.0666924,11.745894,2.8141515,0.77905583,3.0005095,-5.4560547,3.0209541,7.2069235,2.8986528,1852.7407628777146,117.0783205097031,1953.01106702792,59.275764680307894,0.0005969759,0.0006449325,4125.681781104989,0.008821571,0.00073888106,0.09055181445765662,0.012204667275228377
-385.5551,4.0331006,169.09445,3.768513,-36.920586,3.731744,42.47457,3.7971177,-40.40946,3.510304,40.15959,3.5371861,-22.442026,3.2773316,29.793526,3.2579548,-8.167631,3.114395,5.4899516,2.8277462,-6.33219,2.989905,-1.8253022,3.069011,14.108711,2.8947868,1435.7541608790923,67.05890243592687,1748.0964430133588,49.54096330009819,0.00030986688,0.0007390116,2925.6178853683296,0.008242657,0.0009019574,0.0728366081786543,0.008367079073369171
-381.4524,4.437024,169.95403,3.889803,-42.525032,3.970297,42.82781,3.68987,-45.69933,3.0466015,44.023266,3.4963558,-22.155499,3.0594926,30.602728,3.0581625,-9.817689,3.0471241,2.9939716,3.169371,-2.9197574,2.9015744,2.8510666,3.1030438,14.519783,3.16137,1488.5517345316032,75.22221846723507,1756.8181397549602,50.17365448111855,0.0003158536,0.00043092447,3089.265233015516,0.008189344,0.0008352548,0.07759706714037123,0.007307022155850864
-397.36557,5.1440134,206.932,4.21794,-52.233658,4.2411146,50.16512,4.08693,-23.648539,3.9526901,24.79455,3.3171918,-10.312145,3.0886934,9.7367325,2.9364085,-1.5898974,3.241558,3.38869,3.7258263,3.7593668,3.5172288,-5.9527974,3.6097944,1.2200531,4.3614078,989.5140970786199,43.96360465848829,1183.0580968381573,40.36684671646286,0.00010942758,0.00023280234,1883.3808775014502,0.009279072,0.0007617313,0.05355686267401392,0.0069216259418726726
-404.6675,4.949052,181.12941,4.4691,-26.161528,3.725715,43.056225,3.4481,-20.509956,3.7176883,30.229315,3.8697586,1.5452139,3.7802231,18.21034,4.1312575,-0.6701693,3.262581,2.1165414,3.0708005,0.29586712,3.1890285,-2.3105927,3.4286404,5.44714,3.5062318,988.5244721734227,77.07423480707729,1364.3711981780189,66.81683369116062,0.00011945515,0.00015562022,1919.7525059817285,0.009162696,0.0017067447,0.03892428581786543,0.008564441071176973
-338.4124,12.359748,159.5429,8.323255,-62.049503,5.5025826,64.76416,6.2146297,-45.2978,4.2809267,35.959377,4.7734685,-32.41944,3.5290747,18.978806,5.1164627,-13.733179,4.2997236,7.2917213,4.5495906,-5.3214707,4.3901777,-9.137334,4.0029483,8.997101,3.7930677,1807.5672252203874,152.3996877510518,1802.612749897935,85.52255210897758,0.0006693845,0.00065885554,3785.8718482634863,0.008418397,0.0014006281,0.1058833925464037,0.015247161222023362
-382.3836,4.587538,172.64171,4.334363,-42.869934,4.094183,46.55162,3.6670463,-46.230164,3.8771985,44.396248,3.4640694,-25.47167,3.3279734,28.901495,3.175104,-11.670195,3.079687,3.5406086,3.0062666,-3.7543209,3.3035133,2.2131371,3.3617737,13.808503,3.2820296,1484.9082484791365,69.96458423924368,1761.783758687587,47.46727803854741,0.0003469609,0.00054017425,3106.9014759462007,0.007901888,0.00069494924,0.07787916002030162,0.008103195280804613
-425.071,11.331993,203.75992,8.547504,-22.885853,4.9393983,48.557655,4.0825934,-15.372043,3.5476937,19.4527,4.805917,-7.205042,4.008068,12.191898,3.833595,5.061479,3.8082807,4.2195244,4.1988297,2.7798288,3.102818,-5.5957313,3.5398238,3.5970106,3.1422548,775.1733409035442,84.8700094431622,1126.109997075862,101.38598636135707,7.100185e-05,0.00027143213,1448.7698937790024,0.010045676,0.0019447828,0.031009824535962877,0.006179982121270884
-352.36462,9.202492,154.73851,4.8458214,-55.78165,5.5754027,74.39802,3.7141302,-35.563786,3.843357,50.23977,3.6382356,-26.483679,3.4511364,30.186766,2.893424,-9.857873,3.147155,11.349731,2.9925237,0.35983968,2.8632455,-6.4029493,3.0590856,5.068769,3.0480385,1776.3298518485028,129.26538341819813,1937.0567511522524,61.31062431487981,0.0005412757,0.00074613007,4030.456061484919,0.008974163,0.00066211965,0.083509688587587,0.013413429845555958
-407.57642,6.464384,192.33044,5.3777204,-23.73779,4.4035783,53.160202,4.228012,-22.40189,4.578571,28.95206,4.4794283,-12.582514,4.1457334,11.14163,3.832837,-6.7404804,3.5684261,11.458801,3.3217392,4.5099006,3.2294953,-2.7044544,3.639418,6.680152,3.305307,919.6497070916541,92.0805020249617,1328.6433462003915,106.03035502185399,9.826201e-05,6.741453e-05,1744.6141218641242,0.009620244,0.0008284626,0.038732825188515084,0.010857447741445219
-360.58563,20.803598,183.11288,5.9475446,-59.89594,9.308222,68.04949,5.481757,-38.699482,5.800324,28.275164,4.2698154,-17.506062,3.8785226,14.76708,4.352235,-4.42629,4.5434513,7.3779955,3.6671257,-2.8464332,3.4829412,-5.7162066,3.1957812,9.140154,2.86896,1366.9681903014032,100.29540318217943,1509.0502473488464,59.521962916908585,0.00028451832,0.0003422744,2989.8427870323376,0.009303423,0.001596461,0.07110666509570766,0.01147077876297803
-398.62778,17.560186,182.85338,8.252909,-32.08158,6.6026483,55.721767,6.3830347,-19.337357,5.482494,32.43157,4.6815033,-11.779346,4.3129606,11.990402,4.0942497,-3.6486866,3.3815277,11.564272,3.2821243,3.5826807,3.2432978,-3.8993661,3.0669124,5.758811,3.5684707,1036.8899791802442,180.1768819904763,1419.6818179165682,130.57892390238945,0.00014220709,0.00020903606,2121.9447868329466,0.009399958,0.0011271085,0.0421915784512761,0.01504160561444811
-427.0384,7.777074,196.37299,6.3333335,-15.425469,5.0986357,43.184963,4.469929,-12.7864,4.75121,22.671217,5.092636,-6.760527,4.338887,12.213018,4.061068,0.62924397,4.4626017,8.598887,3.6252306,3.7668462,3.660992,-4.590394,3.8089116,4.8034077,3.8827899,786.14229138862,84.67202666398462,1188.79548827081,104.0896192695848,6.632653e-05,0.000102783095,1442.7745704031322,0.0097223455,0.0014018918,0.03021226073085847,0.0070320789505928785
-335.42975,6.70674,149.0302,5.2228107,-72.55391,6.2130704,75.00745,7.7169547,-43.247467,8.892469,26.95184,6.9209604,-32.95056,11.637097,34.25361,7.4744678,-7.452784,12.675916,0.95379627,10.669834,0.051910188,10.275191,9.099152,10.318436,13.99449,7.509969,2045.6945381415833,123.23870923381233,1740.0465903222823,78.84075178506701,0.00046029335,0.0003095594,3837.9312395772913,0.010584133,0.0010410598,0.14138064638921113,0.019394779171402303
-341.9189,4.600271,146.56224,4.2456727,-52.849922,4.847565,93.56712,4.382822,-31.82599,4.871758,23.191162,6.4611316,-17.489555,5.32546,21.329153,6.7467017,-2.7571478,6.7836404,13.807957,5.8153133,-9.776813,8.36177,1.975961,4.254979,12.875146,6.5512414,1885.941430861847,102.62247147116699,1800.9778621544497,58.49668515706702,0.0004539359,0.0014188018,3794.764911271027,0.010564849,0.0007894565,0.1216556699535963,0.017646425905562094
-321.00702,8.931807,143.95758,7.366469,-63.94321,4.0577602,85.33904,6.022656,-48.484547,4.475814,39.214417,4.889447,-36.055443,5.1087785,37.495983,3.5563307,-18.149736,4.524134,4.3761306,3.461063,1.8640983,3.4629781,-0.41261473,3.640876,3.7640684,3.7744515,2218.3822501708178,176.7064924307688,2027.4400088684752,84.11945331538348,0.0009563915,0.0011105196,4640.105507268707,0.009473736,0.0008307523,0.14281037014211137,0.0193820359666719
-366.10397,7.7796392,184.16927,6.607811,-53.234013,5.2744737,65.96281,6.5744214,-28.437513,3.4878557,28.773651,4.438293,-15.0037,3.9248695,21.571821,6.1741366,-10.285224,4.2775507,-1.4839901,4.837498,8.21248,5.5559464,-4.5114956,3.33658,0.2959,4.9247084,1264.9717170548458,121.64649511885597,1470.7904654081065,75.31755147382142,0.0002510977,0.00088668213,2638.7166813188805,0.009995951,0.0007216814,0.06498672237529002,0.012497170247555886
-339.32895,21.089773,158.06398,8.177662,-87.39543,9.848348,68.659874,4.323102,-43.9587,4.299842,34.604908,3.6092534,-25.091396,4.791736,23.624546,6.288451,-9.358524,4.150531,10.776195,3.1393814,-1.5575155,3.7071462,-3.632693,3.5947988,11.133968,3.3179393,1918.0789363230688,182.81149701449627,1660.2341998847817,58.27456240892953,0.00075142144,0.00088646275,3653.724928853683,0.007879552,0.0010780385,0.13081972339037123,0.0228652442344174
